time (s)	coil I (A)	last det (V)	int current (uC)
3769.477941	1.432280	0.195086	763.405334
3769.478938	1.803648	0.195086	2561.641846
3769.479829	1.759790	0.195086	4129.614746
3769.480831	1.702039	0.195086	5835.057617
3769.481889	1.642800	0.195086	7573.140137
3769.482799	1.594069	0.195086	9023.742187
3769.483663	1.548776	0.195086	10361.884766
3769.484767	1.496796	0.195086	12014.347656
3769.485753	0.577299	0.195086	12583.564453
3769.486617	0.095797	0.195086	12666.333008
3769.487618	0.095314	0.195086	12761.742187
3769.488670	0.095262	0.195086	12861.958008
3769.489542	0.095281	0.195086	12945.042969
3769.490411	0.095222	0.195086	13027.791016
3769.491508	0.095343	0.195086	13132.381836
3769.492468	0.095109	0.195086	13223.686523
3769.493337	0.095237	0.195086	13306.447266
3769.494353	0.095336	0.195086	13403.308594
3769.495386	0.095273	0.195086	13501.725586
3770.541394	1.440945	0.166405	785.314941
3770.542358	1.804816	0.166405	2525.157227
3770.543238	1.761808	0.166405	4075.548096
3770.544124	1.708301	0.166405	5589.102539
3770.545232	1.648777	0.166405	7415.947266
3770.546130	1.600595	0.166405	8853.281250
3770.546996	1.556158	0.166405	10200.914062
3770.548032	1.505343	0.166405	11760.449219
3770.549009	0.871333	0.166405	12611.741211
3770.549885	0.100195	0.166405	12699.512695
3770.550750	0.095259	0.166405	12781.911133
3770.551851	0.095295	0.166405	12886.831055
3770.552733	0.095237	0.166405	12970.830078
3770.553597	0.095310	0.166405	13053.177734
3770.554691	0.095376	0.166405	13157.519531
3770.555661	0.095229	0.166405	13249.892578
3770.556537	0.095262	0.166405	13333.342773
3770.557404	0.095277	0.166405	13415.948242
3770.558513	0.095317	0.166405	13521.655273
3771.557903	1.387006	0.200972	703.211853
3771.558866	1.805050	0.200972	2441.475098
3771.559748	1.763972	0.200972	3997.298584
3771.560786	1.704291	0.200972	5766.352539
3771.561829	1.646126	0.200972	7483.261719
3771.562724	1.597694	0.200972	8913.198242
3771.563625	1.550907	0.200972	10310.565430
3771.564711	1.499037	0.200972	11938.519531
3771.565665	0.703715	0.200972	12609.863281
3771.566525	0.097112	0.200972	12693.379883
3771.567560	0.095299	0.200972	12792.014648
3771.568584	0.095314	0.200972	12889.616211
3771.569464	0.095215	0.200972	12973.405273
3771.570394	0.095306	0.200972	13062.040039
3771.571434	0.095325	0.200972	13161.177734
3771.572379	0.095266	0.200972	13251.204102
3771.573247	0.095339	0.200972	13333.958984
3771.574276	0.095332	0.200972	13432.055664
3771.575294	0.095292	0.200972	13529.062500
3772.618712	1.353146	0.172560	606.209290
3772.619586	1.805475	0.172560	2184.194336
3772.620598	1.765188	0.172560	3970.564453
3772.621674	1.703716	0.172560	5803.762695
3772.622563	1.652952	0.172560	7273.236816
3772.623429	1.603612	0.172560	8661.964844
3772.624538	1.549578	0.172560	10380.446289
3772.625502	1.503256	0.172560	11829.584961
3772.626379	0.931912	0.172560	12646.871094
3772.627402	0.099078	0.172560	12748.228516
3772.628427	0.095226	0.172560	12845.834961
3772.629324	0.095134	0.172560	12931.169922
3772.630249	0.095262	0.172560	13019.288086
3772.631320	0.095211	0.172560	13121.258789
3772.632261	0.095127	0.172560	13210.773437
3772.633125	0.095208	0.172560	13293.033203
3772.634192	0.095299	0.172560	13394.717773
3772.635207	0.095303	0.172560	13491.450195
3772.636099	0.095164	0.172560	13576.335937
3773.638866	1.333502	0.194518	594.741943
3773.639750	1.805211	0.194518	2190.548584
3773.640635	1.771622	0.194518	3758.434326
3773.641591	1.717815	0.194518	5400.665527
3773.642502	1.665205	0.194518	6917.667480
3773.643432	1.615287	0.194518	8419.884766
3773.644300	1.569668	0.194518	9782.356445
3773.645278	1.519797	0.194518	11268.718750
3773.646237	1.295339	0.194518	12510.949219
3773.647133	0.166688	0.194518	12660.301758
3773.648120	0.095167	0.194518	12754.231445
3773.649041	0.095101	0.194518	12841.819336
3773.649963	0.095244	0.194518	12929.634766
3773.650824	0.095365	0.194518	13011.744141
3773.651865	0.095219	0.194518	13110.866211
3773.652744	0.095229	0.194518	13194.573242
3773.653668	0.095255	0.194518	13282.588867
3773.654527	0.095193	0.194518	13364.359375
3773.655511	0.095189	0.194518	13458.025391
3774.695865	1.304359	0.172342	553.048279
3774.696837	1.801721	0.172342	2304.321289
3774.697911	1.757175	0.172342	4191.527344
3774.698846	1.703013	0.172342	5783.844238
3774.699714	1.652791	0.172342	7218.466309
3774.700792	1.596537	0.172342	8939.533203
3774.701788	1.545985	0.172342	10479.333984
3774.702687	1.502421	0.172342	11830.009766
3774.703686	0.745880	0.172342	12575.144531
3774.704733	0.095881	0.172342	12675.532227
3774.705627	0.095219	0.172342	12760.657227
3774.706486	0.095303	0.172342	12842.522461
3774.707577	0.095248	0.172342	12946.437500
3774.708546	0.095193	0.172342	13038.679687
3774.709409	0.095131	0.172342	13120.777344
3774.710416	0.095394	0.172342	13216.839844
3774.711475	0.095266	0.172342	13317.726562
3774.712348	0.095211	0.172342	13400.845703
3774.713226	0.095281	0.172342	13484.501953
3775.719106	1.311552	0.191727	558.720947
3775.720083	1.801392	0.191727	2318.680664
3775.721154	1.757351	0.191727	4200.803711
3775.722061	1.703745	0.191727	5746.100586
3775.722933	1.653651	0.191727	7188.084473
3775.723995	1.597837	0.191727	8884.987305
3775.724994	1.546846	0.191727	10430.286133
3775.725889	1.503303	0.191727	11775.742187
3775.726870	0.813248	0.191727	12573.539062
3775.727925	0.096302	0.191727	12675.138672
3775.728831	0.095189	0.191727	12761.379883
3775.729693	0.095233	0.191727	12843.470703
3775.730781	0.095288	0.191727	12947.144531
3775.731749	0.095193	0.191727	13039.291016
3775.732632	0.095200	0.191727	13123.352539
3775.733621	0.095281	0.191727	13217.584961
3775.734659	0.095288	0.191727	13316.494141
3775.735552	0.095167	0.191727	13401.478516
3775.736410	0.095251	0.191727	13483.204102
3776.775134	1.329463	0.175976	592.940430
3776.776009	1.804973	0.175976	2172.291992
3776.776890	1.772029	0.175976	3733.449219
3776.777836	1.717507	0.175976	5358.210937
3776.778784	1.662466	0.175976	6934.228516
3776.779712	1.613013	0.175976	8431.104492
3776.780586	1.566101	0.175976	9799.876953
3776.781637	1.516399	0.175976	11393.612305
3776.782525	1.285994	0.175976	12535.574219
3776.783404	0.162924	0.175976	12678.784180
3776.784405	0.095215	0.175976	12774.093750
3776.785322	0.095211	0.175976	12861.402344
3776.786244	0.095233	0.175976	12949.207031
3776.787103	0.095343	0.175976	13031.106445
3776.788128	0.095226	0.175976	13128.712891
3776.789023	0.095266	0.175976	13213.975586
3776.789902	0.095244	0.175976	13297.695312
3776.790858	0.095292	0.175976	13388.793945
3776.791814	0.095233	0.175976	13479.836914
3777.798115	1.361829	0.204541	630.526611
3777.798990	1.805563	0.204541	2210.394043
3777.799987	1.765719	0.204541	3970.815918
3777.801049	1.703829	0.204541	5780.282715
3777.801964	1.652183	0.204541	7292.029785
3777.802825	1.604048	0.204541	8673.115234
3777.803889	1.550929	0.204541	10323.303711
3777.804894	1.502113	0.204541	11832.927734
3777.805793	0.888973	0.204541	12632.115234
3777.806780	0.100360	0.204541	12731.170898
3777.807841	0.095255	0.204541	12832.236328
3777.808730	0.095197	0.204541	12916.866211
3777.809597	0.095310	0.204541	12999.500000
3777.810692	0.095240	0.204541	13103.788086
3777.811649	0.095156	0.204541	13194.852539
3777.812515	0.095178	0.204541	13277.277344
3777.813551	0.095317	0.204541	13376.026367
3777.814588	0.095200	0.204541	13474.749023
3777.815484	0.095259	0.204541	13560.100586
3778.854862	1.320066	0.174937	575.548706
3778.855736	1.805200	0.174937	2153.293457
3778.856747	1.765085	0.174937	3937.794922
3778.857786	1.705349	0.174937	5709.652344
3778.858681	1.654581	0.174937	7190.502441
3778.859591	1.605106	0.174937	8651.149414
3778.860688	1.549929	0.174937	10351.421875
3778.861638	1.504047	0.174937	11780.265625
3778.862516	0.956558	0.174937	12620.123047
3778.863586	0.098090	0.174937	12725.079102
3778.864590	0.095325	0.174937	12820.785156
3778.865483	0.095251	0.174937	12905.844727
3778.866438	0.095369	0.174937	12996.921875
3778.867494	0.095281	0.174937	13097.538086
3778.868421	0.095222	0.174937	13185.808594
3778.869282	0.095299	0.174937	13267.861328
3778.870351	0.095380	0.174937	13369.822266
3778.871348	0.095262	0.174937	13464.798828
3778.872226	0.095211	0.174937	13548.394531
3779.877392	1.390851	0.198039	706.552246
3779.878312	1.806054	0.198039	2368.121582
3779.879174	1.765968	0.198039	3890.386230
3779.880267	1.703606	0.198039	5752.427734
3779.881272	1.647231	0.198039	7407.895508
3779.882166	1.600009	0.198039	8838.302734
3779.883147	1.550669	0.198039	10359.508789
3779.884208	1.498879	0.198039	11949.820312
3779.885119	0.744360	0.198039	12627.932617
3779.885981	0.097896	0.198039	12712.318359
3779.887074	0.095361	0.198039	12816.547852
3779.888049	0.095237	0.198039	12909.403320
3779.888910	0.095365	0.198039	12991.512695
3779.889990	0.095394	0.198039	13094.538086
3779.891024	0.095288	0.198039	13193.066406
3779.891907	0.095273	0.198039	13277.192383
3779.892824	0.095255	0.198039	13364.541016
3779.893886	0.095409	0.198039	13465.865234
3779.894837	0.095204	0.198039	13556.404297
3780.935355	1.312196	0.159879	558.995483
3780.936349	1.801699	0.159879	2349.884277
3780.937418	1.756249	0.159879	4227.314453
3780.938328	1.702815	0.159879	5776.875977
3780.939194	1.652150	0.159879	7207.637695
3780.940303	1.594911	0.159879	8976.393555
3780.941284	1.545615	0.159879	10492.642578
3780.942150	1.502776	0.159879	11794.046875
3780.943230	0.667430	0.159879	12514.872070
3780.944263	0.095369	0.159879	12613.387695
3780.945158	0.095255	0.159879	12698.640625
3780.946074	0.095336	0.159879	12785.967773
3780.947128	0.095369	0.159879	12886.486328
3780.948066	0.095277	0.159879	12975.856445
3780.948924	0.095208	0.159879	13057.544922
3780.949966	0.095336	0.159879	13156.884766
3780.950988	0.095277	0.159879	13254.257812
3780.951866	0.095197	0.159879	13337.840820
3780.952817	0.095251	0.159879	13428.424805
3781.953559	1.351241	0.193189	698.591858
3781.954535	1.804647	0.193189	2459.927490
3781.955450	1.760929	0.193189	4071.177490
3781.956325	1.709121	0.193189	5566.658203
3781.957424	1.648799	0.193189	7378.687988
3781.958330	1.599855	0.193189	8828.156250
3781.959209	1.554844	0.193189	10194.864258
3781.960096	1.509694	0.193189	11533.962891
3781.961151	0.937504	0.193189	12523.029297
3781.962047	0.101733	0.193189	12614.182617
3781.962906	0.095266	0.193189	12696.016602
3781.964016	0.095295	0.193189	12801.794922
3781.964913	0.095270	0.193189	12887.251953
3781.965787	0.095262	0.193189	12970.511719
3781.966799	0.095431	0.193189	13067.087891
3781.967782	0.095310	0.193189	13160.777344
3781.968672	0.095284	0.193189	13245.580078
3781.969528	0.095354	0.193189	13327.203125
3781.970620	0.095361	0.193189	13431.337891
3783.016264	1.455396	0.164378	823.753906
3783.017323	1.800809	0.164378	2730.811035
3783.018213	1.754066	0.164378	4291.929687
3783.019108	1.700746	0.164378	5814.097168
3783.020205	1.641097	0.164378	7614.380859
3783.021166	1.590319	0.164378	9142.676758
3783.022036	1.545322	0.164378	10487.107422
3783.023076	1.496008	0.164378	12042.956055
3783.024109	0.494773	0.164378	12554.056641
3783.025003	0.095222	0.164378	12639.185547
3783.025949	0.095222	0.164378	12729.265625
3783.026993	0.095317	0.164378	12828.777344
3783.027931	0.095244	0.164378	12918.116211
3783.028792	0.095226	0.164378	13000.105469
3783.029862	0.095350	0.164378	13102.129883
3783.030865	0.095233	0.164378	13197.648437
3783.031743	0.095237	0.164378	13281.266602
3783.032717	0.095383	0.164378	13374.169922
3783.033766	0.095255	0.164378	13474.092773
3784.031674	1.302825	0.194607	549.791992
3784.032648	1.801571	0.194607	2304.522217
3784.033708	1.756461	0.194607	4166.371094
3784.034635	1.703090	0.194607	5745.135254
3784.035502	1.653278	0.194607	7178.526855
3784.036598	1.596797	0.194607	8928.616211
3784.037595	1.545418	0.194607	10469.397461
3784.038481	1.503212	0.194607	11801.243164
3784.039499	0.766615	0.194607	12581.657227
3784.040546	0.096090	0.194607	12682.263672
3784.041428	0.095237	0.194607	12766.262695
3784.042293	0.095284	0.194607	12848.683594
3784.043390	0.095358	0.194607	12953.291016
3784.044345	0.095240	0.194607	13044.246094
3784.045201	0.095273	0.194607	13125.799805
3784.046243	0.095321	0.194607	13225.124023
3784.047284	0.095273	0.194607	13324.303711
3784.048174	0.095219	0.194607	13409.047852
3784.049101	0.095343	0.194607	13497.430664
3785.096973	1.380802	0.158993	694.543335
3785.097875	1.805739	0.158993	2323.319580
3785.098740	1.766514	0.158993	3851.354004
3785.099842	1.703932	0.158993	5729.086914
3785.100819	1.649253	0.158993	7340.407227
3785.101709	1.602279	0.158993	8766.435547
3785.102734	1.550727	0.158993	10355.931641
3785.103781	1.499901	0.158993	11926.328125
3785.104675	0.791803	0.158993	12634.200195
3785.105564	0.098892	0.158993	12722.115234
3785.106660	0.095299	0.158993	12826.563477
3785.107608	0.095299	0.158993	12916.907227
3785.108466	0.095273	0.158993	12998.651367
3785.109505	0.095394	0.158993	13097.765625
3785.110518	0.095314	0.158993	13194.318359
3785.111395	0.095270	0.158993	13277.870117
3785.112318	0.095350	0.158993	13365.878906
3785.113381	0.095413	0.158993	13467.302734
3785.114329	0.095281	0.158993	13557.628906
3786.108944	1.344034	0.190736	685.457581
3786.110002	1.801296	0.190736	2591.229004
3786.110948	1.753901	0.190736	4250.419922
3786.111821	1.702917	0.190736	5737.066895
3786.112864	1.644888	0.190736	7452.684570
3786.113880	1.591421	0.190736	9069.568359
3786.114774	1.546150	0.190736	10451.826172
3786.115747	1.499553	0.190736	11910.891602
3786.116799	0.573391	0.190736	12514.098633
3786.117724	0.095277	0.190736	12602.229492
3786.118586	0.095164	0.190736	12684.260742
3786.119656	0.095354	0.190736	12786.289062
3786.120640	0.095160	0.190736	12879.926758
3786.121533	0.095262	0.190736	12964.996094
3786.122514	0.095273	0.190736	13058.458984
3786.123559	0.095233	0.190736	13157.977539
3786.124459	0.095149	0.190736	13243.611328
3786.125315	0.095200	0.190736	13325.102539
3786.126389	0.095251	0.190736	13427.402344
3787.176997	1.383647	0.160451	734.716797
3787.177911	1.805347	0.160451	2384.803711
3787.178791	1.765302	0.160451	3938.269043
3787.179723	1.711033	0.160451	5532.951660
3787.180732	1.654812	0.160451	7202.657227
3787.181667	1.604604	0.160451	8702.962891
3787.182536	1.559491	0.160451	10058.160156
3787.183596	1.508613	0.160451	11657.290039
3787.184498	1.060726	0.160451	12614.065430
3787.185369	0.113093	0.160451	12712.569336
3787.186279	0.095160	0.160451	12799.165039
3787.187299	0.095193	0.160451	12896.261719
3787.188182	0.095193	0.160451	12980.317383
3787.189060	0.095160	0.160451	13063.868164
3787.190056	0.095200	0.160451	13158.687500
3787.190989	0.095211	0.160451	13247.519531
3787.191912	0.095164	0.160451	13335.355469
3787.192775	0.095277	0.160451	13417.580078
3787.193819	0.095186	0.160451	13516.954102
3788.187582	1.314756	0.195058	564.030273
3788.188450	1.802549	0.195058	2128.642578
3788.189575	1.759292	0.195058	4107.846191
3788.190569	1.702544	0.195058	5800.174805
3788.191442	1.653135	0.195058	7243.361328
3788.192504	1.596713	0.195058	8939.070312
3788.193545	1.544348	0.195058	10546.736328
3788.194442	1.499718	0.195058	11891.983398
3788.195387	0.775752	0.195058	12625.069336
3788.196452	0.095878	0.195058	12727.178711
3788.197396	0.095211	0.195058	12817.057617
3788.198259	0.095273	0.195058	12899.278320
3788.199312	0.095398	0.195058	12999.732422
3788.200318	0.095273	0.195058	13095.577148
3788.201205	0.095237	0.195058	13180.051758
3788.202166	0.095438	0.195058	13271.767578
3788.203198	0.095292	0.195058	13370.108398
3788.204116	0.095248	0.195058	13457.545898
3788.204971	0.095317	0.195058	13539.041992
3789.257166	1.320875	0.161929	582.505981
3789.258030	1.804852	0.161929	2141.898437
3789.259075	1.764507	0.161929	3985.808105
3789.260110	1.704862	0.161929	5750.340332
3789.260997	1.653794	0.161929	7217.255371
3789.261914	1.604084	0.161929	8688.201172
3789.262978	1.550698	0.161929	10338.144531
3789.263927	1.504299	0.161929	11765.724609
3789.264806	0.978311	0.161929	12625.659180
3789.265853	0.099097	0.161929	12729.413086
3789.266879	0.095215	0.161929	12827.103516
3789.267768	0.095314	0.161929	12911.837891
3789.268727	0.095339	0.161929	13003.268555
3789.269775	0.095328	0.161929	13103.172852
3789.270710	0.095197	0.161929	13192.181641
3789.271572	0.095273	0.161929	13274.307617
3789.272646	0.095361	0.161929	13376.725586
3789.273637	0.095193	0.161929	13471.061523
3789.274532	0.095237	0.161929	13556.298828
3790.266855	1.364473	0.199465	630.386353
3790.267739	1.805145	0.199465	2226.134766
3790.268728	1.764928	0.199465	3971.648437
3790.269802	1.703170	0.199465	5800.853027
3790.270707	1.651435	0.199465	7295.402344
3790.271574	1.602674	0.199465	8684.920898
3790.272663	1.548970	0.199465	10371.749023
3790.273646	1.501069	0.199465	11847.299805
3790.274536	0.883235	0.199465	12633.378906
3790.275527	0.099701	0.199465	12732.182617
3790.276583	0.095277	0.199465	12832.794922
3790.277473	0.095259	0.199465	12917.575195
3790.278346	0.095233	0.199465	13000.713867
3790.279440	0.095292	0.199465	13104.962891
3790.280395	0.095171	0.199465	13195.851562
3790.281262	0.095219	0.199465	13278.406250
3790.282290	0.095376	0.199465	13376.453125
3790.283318	0.095339	0.199465	13474.461914
3790.284209	0.095292	0.199465	13559.367187
3791.335962	1.400006	0.154151	705.603088
3791.336924	1.805164	0.154151	2442.170410
3791.337789	1.764386	0.154151	3968.364258
3791.338870	1.702233	0.154151	5808.477539
3791.339908	1.644781	0.154151	7515.760742
3791.340786	1.596815	0.154151	8917.764648
3791.341707	1.549977	0.154151	10345.292969
3791.342790	1.497437	0.154151	11967.016602
3791.343743	0.658176	0.154151	12594.258789
3791.344611	0.096522	0.154151	12678.040039
3791.345644	0.095358	0.154151	12776.544922
3791.346672	0.095306	0.154151	12874.519531
3791.347565	0.095255	0.154151	12959.582031
3791.348522	0.095325	0.154151	13050.807617
3791.349571	0.095281	0.154151	13150.756836
3791.350494	0.095303	0.154151	13238.721680
3791.351359	0.095343	0.154151	13321.193359
3791.352437	0.095420	0.154151	13424.055664
3791.353430	0.095321	0.154151	13518.708984
3792.346846	1.328353	0.192806	591.117187
3792.347725	1.804764	0.192806	2177.505127
3792.348589	1.772567	0.192806	3709.003174
3792.349625	1.713655	0.192806	5484.349609
3792.350522	1.661151	0.192806	6974.402344
3792.351432	1.612731	0.192806	8441.987305
3792.352318	1.564563	0.192806	9828.190430
3792.353370	1.515088	0.192806	11422.062500
3792.354268	1.248062	0.192806	12542.822266
3792.355151	0.148323	0.192806	12673.791016
3792.356147	0.095266	0.192806	12768.675781
3792.357072	0.095171	0.192806	12856.708984
3792.357994	0.095112	0.192806	12944.402344
3792.358853	0.095233	0.192806	13026.208008
3792.359891	0.095270	0.192806	13125.097656
3792.360762	0.095215	0.192806	13208.029297
3792.361633	0.095288	0.192806	13291.025391
3792.362597	0.095284	0.192806	13382.879883
3792.363542	0.095332	0.192806	13472.968750
3793.413576	1.315345	0.162864	568.229187
3793.414444	1.804501	0.162864	2134.535889
3793.415494	1.763595	0.162864	3986.310547
3793.416514	1.704009	0.162864	5724.399414
3793.417413	1.653724	0.162864	7211.097656
3793.418377	1.602722	0.162864	8756.122070
3793.419443	1.548256	0.162864	10406.562500
3793.420367	1.502794	0.162864	11795.144531
3793.421243	0.918215	0.162864	12599.500977
3793.422344	0.097061	0.162864	12706.364258
3793.423332	0.095262	0.162864	12800.483398
3793.424226	0.095197	0.162864	12885.588867
3793.425206	0.095380	0.162864	12979.060547
3793.426245	0.095270	0.162864	13078.045898
3793.427146	0.095200	0.162864	13163.821289
3793.428020	0.095295	0.162864	13247.109375
3793.429107	0.095299	0.162864	13350.699219
3793.430069	0.095171	0.162864	13442.253906
3793.430928	0.095193	0.162864	13524.024414
3794.425676	1.444947	0.200746	800.500916
3794.426639	1.803999	0.200746	2537.751953
3794.427512	1.761420	0.200746	4075.471191
3794.428404	1.707455	0.200746	5598.520996
3794.429518	1.648033	0.200746	7434.430176
3794.430394	1.600027	0.200746	8836.053711
3794.431269	1.555697	0.200746	10197.289062
3794.432300	1.504863	0.200746	11748.802734
3794.433281	0.859900	0.200746	12592.364258
3794.434163	0.099510	0.200746	12680.132812
3794.435034	0.095361	0.200746	12763.192383
3794.436145	0.095288	0.200746	12869.057617
3794.437047	0.095215	0.200746	12954.941406
3794.437913	0.095284	0.200746	13037.458008
3794.438986	0.095442	0.200746	13139.867187
3794.439963	0.095215	0.200746	13232.892578
3794.440820	0.095284	0.200746	13314.551758
3794.441909	0.095493	0.200746	13418.543945
3794.442925	0.095354	0.200746	13515.423828
3795.493589	1.340999	0.152495	604.790344
3795.494455	1.803486	0.152495	2166.609619
3795.495556	1.760211	0.152495	4104.602051
3795.496525	1.704269	0.152495	5756.038574
3795.497386	1.655310	0.152495	7181.260742
3795.498435	1.599001	0.152495	8858.613281
3795.499468	1.547051	0.152495	10456.716797
3795.500365	1.503351	0.152495	11805.222656
3795.501305	0.849199	0.152495	12603.469727
3795.502360	0.096533	0.152495	12705.312500
3795.503308	0.095240	0.152495	12795.600586
3795.504179	0.095226	0.152495	12878.541992
3795.505222	0.095391	0.152495	12978.034180
3795.506229	0.095240	0.152495	13073.941406
3795.507125	0.095270	0.152495	13159.302734
3795.508081	0.095288	0.152495	13250.398437
3795.509138	0.095354	0.152495	13351.187500
3795.510065	0.095266	0.152495	13439.499023
3795.510927	0.095255	0.152495	13521.609375
3796.505386	1.409004	0.193342	734.091064
3796.506362	1.804050	0.193342	2494.844238
3796.507237	1.762189	0.193342	4036.759277
3796.508273	1.703115	0.193342	5801.186523
3796.509319	1.644785	0.193342	7521.631836
3796.510205	1.597009	0.193342	8936.582031
3796.511095	1.549790	0.193342	10315.895508
3796.512187	1.497774	0.193342	11951.463867
3796.513150	0.668459	0.193342	12595.190430
3796.514019	0.096464	0.193342	12679.017578
3796.515049	0.095394	0.193342	12777.273437
3796.516082	0.095288	0.193342	12875.706055
3796.516975	0.095237	0.193342	12960.752930
3796.517909	0.095438	0.193342	13049.892578
3796.518960	0.095336	0.193342	13150.090820
3796.519900	0.095350	0.193342	13239.719727
3796.520762	0.095248	0.193342	13321.823242
3796.521820	0.095343	0.193342	13422.696289
3796.522833	0.095347	0.193342	13519.282227
3797.572132	1.373720	0.151512	732.192505
3797.573085	1.804904	0.151512	2452.265625
3797.573965	1.763024	0.151512	4003.726562
3797.574913	1.708345	0.151512	5623.237305
3797.575961	1.649623	0.151512	7352.041992
3797.576856	1.601638	0.151512	8785.507812
3797.577722	1.556755	0.151512	10133.658203
3797.578791	1.504896	0.151512	11742.392578
3797.579742	0.890951	0.151512	12589.686523
3797.580612	0.101371	0.151512	12677.878906
3797.581539	0.095222	0.151512	12766.149414
3797.582582	0.095284	0.151512	12865.531250
3797.583465	0.095222	0.151512	12949.612305
3797.584322	0.095237	0.151512	13031.230469
3797.585344	0.095468	0.151512	13128.797852
3797.586309	0.095299	0.151512	13220.761719
3797.587183	0.095343	0.151512	13304.091797
3797.588061	0.095332	0.151512	13387.792969
3797.589156	0.095299	0.151512	13492.145508
3798.585114	1.401365	0.193141	704.886414
3798.586131	1.803464	0.193141	2539.009521
3798.587010	1.760017	0.193141	4086.064453
3798.588008	1.702449	0.193141	5785.108398
3798.589065	1.644163	0.193141	7522.988281
3798.589964	1.595735	0.193141	8957.553711
3798.590837	1.549336	0.193141	10310.124023
3798.591945	1.497107	0.193141	11968.917969
3798.592915	0.639181	0.193141	12588.923828
3798.593777	0.096306	0.193141	12671.939453
3798.594784	0.095339	0.193141	12767.946289
3798.595820	0.095255	0.193141	12866.630859
3798.596712	0.095131	0.193141	12951.487305
3798.597617	0.095262	0.193141	13037.700195
3798.598683	0.095328	0.193141	13139.320312
3798.599645	0.095240	0.193141	13230.941406
3798.600508	0.095156	0.193141	13313.061523
3798.601547	0.095380	0.193141	13412.161133
3798.602558	0.095332	0.193141	13508.541992
3799.652101	1.376367	0.151770	682.678162
3799.653009	1.805782	0.151770	2322.328613
3799.653873	1.767107	0.151770	3849.108887
3799.654956	1.705129	0.151770	5695.764160
3799.655962	1.648766	0.151770	7354.422852
3799.656856	1.601580	0.151770	8786.235352
3799.657832	1.551940	0.151770	10300.928711
3799.658876	1.501135	0.151770	11868.114258
3799.659794	0.817379	0.151770	12618.468750
3799.660659	0.099155	0.151770	12704.238281
3799.661768	0.095343	0.151770	12809.973633
3799.662744	0.095197	0.151770	12902.885742
3799.663608	0.095244	0.151770	12985.176758
3799.664694	0.095339	0.151770	13088.714844
3799.665721	0.095222	0.151770	13186.507812
3799.666610	0.095219	0.151770	13271.157227
3799.667523	0.095332	0.151770	13358.195312
3799.668574	0.095350	0.151770	13458.408203
3799.669520	0.095248	0.151770	13548.512695
3800.663764	1.337820	0.189725	591.316345
3800.664634	1.804504	0.189725	2161.235107
3800.665648	1.765012	0.189725	3950.957520
3800.666551	1.711970	0.189725	5496.866699
3800.667434	1.662495	0.189725	6964.849609
3800.668383	1.611771	0.189725	8494.420898
3800.669373	1.560341	0.189725	10039.158203
3800.670306	1.515352	0.189725	11452.981445
3800.671175	1.280343	0.189725	12565.599609
3800.672216	0.130082	0.189725	12701.014648
3800.673091	0.095153	0.189725	12784.273437
3800.673960	0.095134	0.189725	12866.945312
3800.674832	0.095259	0.189725	12950.010742
3800.675880	0.095164	0.189725	13049.742187
3800.676773	0.095219	0.189725	13134.772461
3800.677648	0.095178	0.189725	13218.053711
3800.678628	0.095248	0.189725	13311.396484
3800.679566	0.095244	0.189725	13400.735352
3800.680489	0.095193	0.189725	13488.598633
3801.730239	1.309534	0.151854	556.551819
3801.731306	1.802739	0.151854	2480.074707
3801.732315	1.755194	0.151854	4251.065430
3801.733202	1.703580	0.151854	5762.141113
3801.734185	1.649689	0.151854	7383.785156
3801.735234	1.593534	0.151854	9055.402344
3801.736153	1.545740	0.151854	10475.937500
3801.737019	1.502952	0.151854	11777.494141
3801.738105	0.695907	0.151854	12533.249023
3801.739098	0.095497	0.151854	12628.077148
3801.739968	0.095299	0.151854	12710.987305
3801.740940	0.095416	0.151854	12803.731445
3801.741990	0.095350	0.151854	12903.849609
3801.742888	0.095248	0.151854	12989.381836
3801.743759	0.095266	0.151854	13072.358398
3801.744850	0.095376	0.151854	13176.414062
3801.745812	0.095303	0.151854	13268.095703
3801.746696	0.095010	0.151854	13352.083984
3801.747684	0.094728	0.151854	13445.674805
3802.742234	1.351483	0.195026	614.924866
3802.743120	1.805292	0.195026	2214.413330
3802.744086	1.766473	0.195026	3920.826660
3802.745150	1.704749	0.195026	5734.679199
3802.746076	1.652311	0.195026	7264.718750
3802.746943	1.604725	0.195026	8656.015625
3802.748031	1.550676	0.195026	10343.151367
3802.749027	1.501505	0.195026	11838.650391
3802.749917	0.898997	0.195026	12638.757812
3802.750918	0.100829	0.195026	12739.687500
3802.751966	0.095358	0.195026	12839.622070
3802.752856	0.095251	0.195026	12924.395508
3802.753712	0.095343	0.195026	13006.008789
3802.754804	0.095398	0.195026	13110.183594
3802.755768	0.095266	0.195026	13202.020508
3802.756624	0.095270	0.195026	13283.571289
3802.757693	0.095424	0.195026	13385.579102
3802.758721	0.095321	0.195026	13483.569336
3802.759608	0.095281	0.195026	13568.083008
3803.809726	1.316693	0.156092	560.911316
3803.810604	1.804801	0.156092	2145.526611
3803.811595	1.767389	0.156092	3897.009033
3803.812533	1.711487	0.156092	5502.383789
3803.813455	1.659968	0.156092	7032.874512
3803.814327	1.612734	0.156092	8439.178711
3803.815365	1.560483	0.156092	10058.960937
3803.816260	1.515612	0.156092	11415.433594
3803.817141	1.303000	0.156092	12563.376953
3803.818080	0.167838	0.156092	12720.976562
3803.819059	0.095156	0.156092	12814.134766
3803.819976	0.095244	0.156092	12901.473633
3803.820832	0.095255	0.156092	12983.011719
3803.821850	0.095303	0.156092	13080.030273
3803.822743	0.095281	0.156092	13165.116211
3803.823664	0.095229	0.156092	13252.822266
3803.824527	0.095295	0.156092	13335.062500
3803.825568	0.095310	0.156092	13434.280273
3803.826462	0.095317	0.156092	13519.494141
3804.821507	1.369058	0.193076	679.052551
3804.822428	1.805321	0.193076	2341.753174
3804.823295	1.766334	0.193076	3873.165039
3804.824353	1.705415	0.193076	5677.494141
3804.825374	1.648107	0.193076	7360.210937
3804.826274	1.600518	0.193076	8800.676758
3804.827268	1.550442	0.193076	10341.816406
3804.828334	1.498260	0.193076	11938.961914
3804.829256	0.728221	0.193076	12610.381836
3804.830116	0.097526	0.193076	12694.253906
3804.831222	0.095229	0.193076	12799.578125
3804.832185	0.095215	0.193076	12891.269531
3804.833071	0.095288	0.193076	12975.694336
3804.834057	0.095237	0.193076	13069.597656
3804.835108	0.095219	0.193076	13169.671875
3804.836008	0.095131	0.193076	13255.289062
3804.836868	0.095193	0.193076	13337.155273
3804.837956	0.095328	0.193076	13440.872070
3804.838917	0.095208	0.193076	13532.366211
3805.890324	1.357397	0.145022	696.344910
3805.891384	1.800981	0.145022	2605.385254
3805.892329	1.753810	0.145022	4262.735352
3805.893196	1.702577	0.145022	5738.869629
3805.894259	1.643895	0.145022	7486.330078
3805.895268	1.590626	0.145022	9091.271484
3805.896160	1.545143	0.145022	10469.539062
3805.897122	1.499117	0.145022	11911.689453
3805.898190	0.557519	0.145022	12507.120117
3805.899113	0.095281	0.145022	12595.064453
3805.899974	0.095219	0.145022	12677.047852
3805.901067	0.095354	0.145022	12781.269531
3805.902059	0.095233	0.145022	12875.741211
3805.902938	0.095208	0.145022	12959.428711
3805.903939	0.095328	0.145022	13054.852539
3805.904985	0.095270	0.145022	13154.504883
3805.905873	0.095178	0.145022	13239.023437
3805.906729	0.095262	0.145022	13320.568359
3805.907833	0.095383	0.145022	13425.871094
3806.899648	1.311043	0.196432	557.193054
3806.900683	1.802483	0.196432	2422.762939
3806.901700	1.756337	0.196432	4208.957520
3806.902585	1.704723	0.196432	5717.637207
3806.903522	1.652146	0.196432	7265.698242
3806.904572	1.596196	0.196432	8941.704102
3806.905516	1.547988	0.196432	10403.004883
3806.906382	1.505889	0.196432	11707.104492
3806.907435	0.785237	0.196432	12533.958984
3806.908453	0.096204	0.196432	12631.894531
3806.909330	0.095090	0.196432	12715.289062
3806.910279	0.095306	0.196432	12805.734375
3806.911326	0.095281	0.196432	12905.493164
3806.912247	0.095215	0.196432	12993.185547
3806.913113	0.095273	0.196432	13075.692383
3806.914169	0.095200	0.196432	13176.223633
3806.915179	0.095127	0.196432	13272.301758
3806.916077	0.095277	0.196432	13357.860352
3806.917037	0.095325	0.196432	13449.372070
3807.968967	1.329994	0.145578	578.547302
3807.969835	1.802911	0.145578	2143.474365
3807.970955	1.759493	0.145578	4114.106934
3807.971934	1.702976	0.145578	5781.320312
3807.972805	1.653344	0.145578	7221.382812
3807.973853	1.597804	0.145578	8895.880859
3807.974884	1.546234	0.145578	10490.047852
3807.975775	1.501622	0.145578	11827.993164
3807.976700	0.849580	0.145578	12613.854492
3807.977750	0.096940	0.145578	12715.641602
3807.978695	0.095142	0.145578	12805.550781
3807.979553	0.095153	0.145578	12887.191406
3807.980581	0.095270	0.145578	12985.128906
3807.981612	0.095211	0.145578	13083.291992
3807.982491	0.095277	0.145578	13167.041016
3807.983420	0.095197	0.145578	13255.478516
3807.984477	0.095226	0.145578	13356.131836
3807.985411	0.095178	0.145578	13445.028320
3807.986282	0.095233	0.145578	13527.976562
3808.978884	1.326211	0.200154	571.596924
3808.979759	1.804490	0.200154	2150.525391
3808.980754	1.766118	0.200154	3907.812988
3808.981761	1.706957	0.200154	5626.718262
3808.982664	1.656581	0.200154	7122.610840
3808.983643	1.604326	0.200154	8693.246094
3808.984713	1.550977	0.200154	10352.791016
3808.985606	1.506050	0.200154	11697.693359
3808.986488	0.977373	0.200154	12559.736328
3808.987587	0.098848	0.200154	12668.370117
3808.988543	0.095134	0.200154	12759.318359
3808.989407	0.095105	0.200154	12841.489258
3808.990451	0.095262	0.200154	12940.943359
3808.991482	0.095138	0.200154	13039.030273
3808.992370	0.095208	0.200154	13123.574219
3808.993312	0.095233	0.200154	13213.284180
3808.994351	0.095314	0.200154	13312.315430
3808.995294	0.095197	0.200154	13402.085937
3808.996151	0.095233	0.200154	13483.701172
3810.047015	1.424344	0.146553	740.659119
3810.048058	1.801970	0.146553	2620.114014
3810.048953	1.756593	0.146553	4192.264648
3810.049905	1.701973	0.146553	5812.542480
3810.050963	1.642361	0.146553	7550.160156
3810.051899	1.592688	0.146553	9040.916016
3810.052809	1.546974	0.146553	10448.662109
3810.053705	1.503029	0.146553	11795.375977
3810.054654	0.884740	0.146553	12634.994141
3810.055601	0.099152	0.146553	12728.890625
3810.056496	0.095226	0.146553	12814.118164
3810.057370	0.095325	0.146553	12897.431641
3810.058395	0.095233	0.146553	12995.045898
3810.059313	0.095244	0.146553	13082.480469
3810.060184	0.095149	0.146553	13165.355469
3810.061063	0.095259	0.146553	13249.087891
3810.062046	0.095244	0.146553	13342.712891
3810.062966	0.095281	0.146553	13430.371094
3810.063843	0.095244	0.146553	13513.900391
3811.059380	1.305740	0.192750	547.104980
3811.060466	1.802062	0.192750	2504.144043
3811.061464	1.753894	0.192750	4254.530273
3811.062364	1.702357	0.192750	5786.651855
3811.063346	1.647748	0.192750	7404.740234
3811.064401	1.591747	0.192750	9084.033203
3811.065315	1.545062	0.192750	10496.219727
3811.066182	1.501395	0.192750	11797.929687
3811.067279	0.638035	0.192750	12497.853516
3811.068232	0.095424	0.192750	12588.791992
3811.069107	0.095171	0.192750	12672.066406
3811.070117	0.095336	0.192750	12768.355469
3811.071170	0.095306	0.192750	12868.712891
3811.072052	0.095211	0.192750	12952.689453
3811.072912	0.095262	0.192750	13034.615234
3811.074005	0.095424	0.192750	13138.913086
3811.074966	0.095284	0.192750	13230.481445
3811.075822	0.095310	0.192750	13312.066406
3811.076879	0.095317	0.192750	13412.816406
3812.124426	1.378037	0.141365	683.506409
3812.125311	1.805314	0.141365	2281.208984
3812.126203	1.766169	0.141365	3856.632080
3812.127285	1.705144	0.141365	5701.597656
3812.128243	1.651761	0.141365	7283.985352
3812.129108	1.605154	0.141365	8672.443359
3812.130154	1.552174	0.141365	10296.017578
3812.131188	1.502300	0.141365	11849.395508
3812.132078	0.881902	0.141365	12634.288086
3812.133036	0.101444	0.141365	12731.471680
3812.134102	0.095277	0.141365	12833.037109
3812.135033	0.095120	0.141365	12921.593750
3812.135888	0.095193	0.141365	13002.983398
3812.136937	0.095262	0.141365	13102.914062
3812.137943	0.095193	0.141365	13198.677734
3812.138835	0.095175	0.141365	13283.573242
3812.139801	0.095310	0.141365	13375.642578
3812.140851	0.095248	0.141365	13475.652344
3812.141775	0.095164	0.141365	13563.583008
3813.139129	1.311226	0.180947	557.270874
3813.140212	1.802311	0.180947	2509.173340
3813.141214	1.754161	0.180947	4266.842773
3813.142118	1.701669	0.180947	5805.151367
3813.143096	1.647539	0.180947	7416.444336
3813.144148	1.591952	0.180947	9091.177734
3813.145061	1.545447	0.180947	10502.170898
3813.145932	1.501604	0.180947	11810.068359
3813.147026	0.639877	0.180947	12510.093750
3813.148015	0.095317	0.180947	12604.362305
3813.148894	0.095226	0.180947	12688.065430
3813.149898	0.095391	0.180947	12783.837891
3813.150944	0.095332	0.180947	12883.555664
3813.151831	0.095248	0.180947	12968.040039
3813.152685	0.095273	0.180947	13049.403320
3813.153795	0.095380	0.180947	13155.274414
3813.154756	0.095171	0.180947	13246.733398
3813.155620	0.095255	0.180947	13329.034180
3813.156641	0.095325	0.180947	13426.360352
3814.201302	1.328569	0.152374	595.199036
3814.202165	1.804691	0.152374	2152.647461
3814.203196	1.764349	0.152374	3971.691650
3814.204247	1.704023	0.152374	5762.620117
3814.205150	1.652596	0.152374	7254.914551
3814.206073	1.603169	0.152374	8734.639648
3814.207131	1.549307	0.152374	10373.805664
3814.208080	1.502816	0.152374	11799.978516
3814.208952	0.956448	0.152374	12634.000977
3814.209995	0.099210	0.152374	12737.477539
3814.211026	0.095306	0.152374	12835.738281
3814.211908	0.095314	0.152374	12919.804687
3814.212870	0.095365	0.152374	13011.545898
3814.213912	0.095416	0.152374	13110.969727
3814.214836	0.095215	0.152374	13198.948242
3814.215691	0.095288	0.152374	13280.419922
3814.216734	0.095435	0.152374	13379.958008
3814.217739	0.095310	0.152374	13475.744141
3814.218627	0.095255	0.152374	13560.331055
3815.220515	1.403599	0.179070	721.449707
3815.221431	1.804893	0.179070	2374.731445
3815.222310	1.765283	0.179070	3926.415527
3815.223292	1.709011	0.179070	5604.664551
3815.224310	1.650890	0.179070	7285.270508
3815.225213	1.602741	0.179070	8732.544922
3815.226082	1.557363	0.179070	10085.893555
3815.227182	1.504933	0.179070	11741.319336
3815.228117	0.916527	0.179070	12598.272461
3815.228991	0.102187	0.179070	12687.583984
3815.229968	0.095339	0.179070	12780.730469
3815.230984	0.095244	0.179070	12877.498047
3815.231869	0.095306	0.179070	12961.843750
3815.232728	0.095237	0.179070	13043.652344
3815.233791	0.095343	0.179070	13145.001953
3815.234717	0.095354	0.179070	13233.299805
3815.235586	0.095259	0.179070	13316.080078
3815.236525	0.095369	0.179070	13405.630859
3815.237576	0.095372	0.179070	13505.867187
3816.278964	1.313394	0.147302	552.938721
3816.280065	1.802333	0.147302	2537.307129
3816.281043	1.754517	0.147302	4253.224609
3816.281931	1.703152	0.147302	5765.623535
3816.282949	1.646971	0.147302	7442.240234
3816.283990	1.591824	0.147302	9099.329102
3816.284891	1.545692	0.147302	10491.998047
3816.285779	1.501194	0.147302	11825.058594
3816.286880	0.616633	0.147302	12503.971680
3816.287826	0.095427	0.147302	12594.246094
3816.288687	0.095303	0.147302	12676.301758
3816.289727	0.095277	0.147302	12775.389648
3816.290755	0.095240	0.147302	12873.296875
3816.291639	0.095219	0.147302	12957.469727
3816.292572	0.095321	0.147302	13046.404297
3816.293635	0.095292	0.147302	13147.699219
3816.294573	0.095277	0.147302	13237.069336
3816.295436	0.095383	0.147302	13319.384766
3816.296462	0.095365	0.147302	13417.229492
3817.301203	1.336102	0.168201	589.221069
3817.302076	1.803706	0.168201	2163.856445
3817.303130	1.761548	0.168201	4020.527832
3817.304148	1.702302	0.168201	5753.471680
3817.305042	1.652278	0.168201	7230.607910
3817.306026	1.601147	0.168201	8806.136719
3817.307078	1.547113	0.168201	10433.699219
3817.307993	1.502201	0.168201	11808.212891
3817.308867	0.901597	0.168201	12596.208008
3817.309985	0.096687	0.168201	12704.303711
3817.310959	0.095222	0.168201	12797.049805
3817.311820	0.095208	0.168201	12879.023437
3817.312954	0.095361	0.168201	12987.163086
3817.313982	0.095350	0.168201	13085.183594
3817.314874	0.095240	0.168201	13170.137695
3817.315807	0.095262	0.168201	13259.017578
3817.316849	0.095251	0.168201	13358.269531
3817.317790	0.095160	0.168201	13447.815430
3817.318651	0.095229	0.168201	13529.807617
3818.356415	1.329229	0.159883	567.580566
3818.357471	1.803845	0.159883	2472.440918
3818.358370	1.761801	0.159883	4056.299561
3818.359244	1.710568	0.159883	5551.335937
3818.360252	1.654219	0.159883	7218.788574
3818.361181	1.603305	0.159883	8708.258789
3818.362113	1.557133	0.159883	10159.505859
3818.362984	1.512587	0.159883	11476.968750
3818.364037	1.026687	0.159883	12558.070312
3818.364934	0.107399	0.159883	12654.407227
3818.365810	0.095178	0.159883	12737.783203
3818.366791	0.095295	0.159883	12831.267578
3818.367735	0.095109	0.159883	12921.049805
3818.368655	0.095248	0.159883	13008.677734
3818.369516	0.095259	0.159883	13090.695312
3818.370552	0.095332	0.159883	13189.458984
3818.371432	0.095284	0.159883	13273.309570
3818.372304	0.095295	0.159883	13356.407227
3818.373238	0.095303	0.159883	13445.419922
3819.380937	1.320604	0.177970	573.142212
3819.381806	1.803790	0.177970	2140.635742
3819.382863	1.762211	0.177970	4003.292480
3819.383879	1.703273	0.177970	5733.817383
3819.384773	1.653204	0.177970	7211.782227
3819.385733	1.602385	0.177970	8750.072266
3819.386786	1.548644	0.177970	10380.793945
3819.387725	1.502347	0.177970	11791.498047
3819.388604	0.925851	0.177970	12605.321289
3819.389684	0.097522	0.177970	12710.644531
3819.390671	0.095244	0.177970	12804.650391
3819.391565	0.095171	0.177970	12889.733398
3819.392561	0.095376	0.177970	12984.727539
3819.393606	0.095288	0.177970	13084.303711
3819.394498	0.095270	0.177970	13169.284180
3819.395356	0.095284	0.177970	13251.038086
3819.396469	0.095383	0.177970	13357.199219
3819.397439	0.095303	0.177970	13449.642578
3819.398294	0.095281	0.177970	13531.107422
3820.436000	1.402339	0.164519	715.192810
3820.437029	1.802388	0.164519	2569.849854
3820.437924	1.757827	0.164519	4143.105469
3820.438883	1.703042	0.164519	5776.322754
3820.439953	1.642786	0.164519	7534.103516
3820.440897	1.592853	0.164519	9037.756836
3820.441767	1.547640	0.164519	10384.204102
3820.442833	1.496583	0.164519	11979.561523
3820.443844	0.546409	0.164519	12531.980469
3820.444739	0.095413	0.164519	12617.375000
3820.445721	0.095317	0.164519	12710.976562
3820.446784	0.095325	0.164519	12812.306641
3820.447690	0.095204	0.164519	12898.561523
3820.448553	0.095295	0.164519	12980.801758
3820.449626	0.095376	0.164519	13083.140625
3820.450608	0.095299	0.164519	13176.724609
3820.451485	0.095259	0.164519	13260.266602
3820.452480	0.095350	0.164519	13355.140625
3820.453525	0.095204	0.164519	13454.628906
3821.458113	1.312603	0.182373	564.419067
3821.459170	1.801560	0.182373	2468.667969
3821.460213	1.753649	0.182373	4297.723633
3821.461101	1.701445	0.182373	5808.606934
3821.462033	1.649678	0.182373	7346.106445
3821.463101	1.592677	0.182373	9047.085937
3821.464046	1.545198	0.182373	10507.297852
3821.464906	1.502816	0.182373	11799.719727
3821.465978	0.689740	0.182373	12539.121094
3821.466996	0.095482	0.182373	12636.322266
3821.467864	0.095127	0.182373	12718.892578
3821.468820	0.095284	0.182373	12809.984375
3821.469874	0.095343	0.182373	12910.475586
3821.470807	0.095255	0.182373	12999.348633
3821.471675	0.095244	0.182373	13082.020508
3821.472732	0.095292	0.182373	13182.744141
3821.473750	0.095295	0.182373	13279.754883
3821.474643	0.095295	0.182373	13364.853516
3821.475607	0.095262	0.182373	13456.686523
3822.516486	1.381333	0.155250	686.522522
3822.517399	1.805391	0.155250	2334.844238
3822.518262	1.766360	0.155250	3859.212891
3822.519355	1.704467	0.155250	5722.194824
3822.520352	1.648187	0.155250	7365.437500
3822.521243	1.601092	0.155250	8792.010742
3822.522240	1.550892	0.155250	10338.250000
3822.523293	1.499824	0.155250	11917.564453
3822.524204	0.775063	0.155250	12623.647461
3822.525069	0.098441	0.155250	12708.798828
3822.526189	0.095405	0.155250	12815.652344
3822.527153	0.095240	0.155250	12907.463867
3822.528009	0.095332	0.155250	12989.068359
3822.529061	0.095372	0.155250	13089.400391
3822.530111	0.095273	0.155250	13189.437500
3822.530986	0.095288	0.155250	13272.814453
3822.531907	0.095237	0.155250	13360.527344
3822.532967	0.095380	0.155250	13461.629883
3822.533909	0.095211	0.155250	13551.318359
3823.535289	1.316539	0.183686	558.212646
3823.536376	1.802622	0.183686	2517.662842
3823.537303	1.758036	0.183686	4147.362305
3823.538189	1.706642	0.183686	5659.446777
3823.539166	1.652582	0.183686	7274.019043
3823.540185	1.597991	0.183686	8902.371094
3823.541080	1.552881	0.183686	10292.199219
3823.541950	1.508481	0.183686	11604.578125
3823.543031	0.848123	0.183686	12521.398437
3823.543945	0.098771	0.183686	12611.674805
3823.544818	0.095153	0.183686	12694.743164
3823.545803	0.095277	0.183686	12788.590820
3823.546821	0.095237	0.183686	12885.541992
3823.547690	0.095277	0.183686	12968.337891
3823.548645	0.095328	0.183686	13059.376953
3823.549697	0.095266	0.183686	13159.596680
3823.550616	0.095237	0.183686	13247.119141
3823.551481	0.095226	0.183686	13329.489258
3823.552560	0.095372	0.183686	13432.395508
3824.597199	1.330679	0.146618	586.829285
3824.598062	1.803149	0.146618	2142.947266
3824.599167	1.760317	0.146618	4088.098145
3824.600162	1.701958	0.146618	5781.546387
3824.601051	1.651970	0.146618	7250.147949
3824.601969	1.603539	0.146618	8722.196289
3824.602834	1.557924	0.146618	10069.799805
3824.603819	1.511693	0.146618	11558.817383
3824.604736	1.104639	0.146618	12571.771484
3824.605620	0.118997	0.146618	12676.964844
3824.606634	0.095094	0.146618	12773.390625
3824.607530	0.095175	0.146618	12858.666992
3824.608448	0.095244	0.146618	12946.101562
3824.609313	0.095219	0.146618	13028.465820
3824.610298	0.095153	0.146618	13122.191406
3824.611231	0.095145	0.146618	13210.961914
3824.612106	0.095215	0.146618	13294.275391
3824.613123	0.095131	0.146618	13391.023437
3824.614013	0.095149	0.146618	13475.706055
3825.612838	1.405144	0.183162	723.649231
3825.613759	1.804684	0.183162	2385.762939
3825.614626	1.764067	0.183162	3915.209473
3825.615707	1.703057	0.183162	5756.213867
3825.616708	1.646887	0.183162	7404.748047
3825.617593	1.599646	0.183162	8820.434570
3825.618607	1.549069	0.183162	10391.190430
3825.619660	1.497957	0.183162	11968.539062
3825.620566	0.731909	0.183162	12631.648437
3825.621423	0.097548	0.183162	12715.247070
3825.622509	0.095328	0.183162	12818.773437
3825.623479	0.095240	0.183162	12911.156250
3825.624345	0.095251	0.183162	12993.643555
3825.625398	0.095317	0.183162	13094.012695
3825.626442	0.095281	0.183162	13193.485352
3825.627333	0.095233	0.183162	13278.337891
3825.628237	0.095266	0.183162	13364.458008
3825.629311	0.095325	0.183162	13466.836914
3825.630255	0.095233	0.183162	13556.737305
3826.676480	1.401112	0.144914	689.347168
3826.677370	1.805350	0.144914	2296.108887
3826.678339	1.763756	0.144914	4005.188477
3826.679403	1.701317	0.144914	5815.390137
3826.680330	1.649469	0.144914	7344.447754
3826.681195	1.602535	0.144914	8730.640625
3826.682280	1.548164	0.144914	10410.398437
3826.683273	1.499637	0.144914	11899.538086
3826.684174	0.824711	0.144914	12642.602539
3826.685162	0.098716	0.144914	12740.133789
3826.686208	0.095222	0.144914	12839.736328
3826.687115	0.095299	0.144914	12926.172852
3826.687978	0.095347	0.144914	13008.457031
3826.689072	0.095295	0.144914	13112.709961
3826.690042	0.095299	0.144914	13205.150391
3826.690904	0.095255	0.144914	13287.260742
3826.691982	0.095398	0.144914	13390.099609
3826.693021	0.095306	0.144914	13489.123047
3826.693905	0.095314	0.144914	13573.380859
3827.691468	1.321853	0.179787	571.040527
3827.692438	1.801487	0.179787	2318.482666
3827.693393	1.763057	0.179787	4002.201660
3827.694301	1.709575	0.179787	5554.496094
3827.695189	1.659214	0.179787	7027.877930
3827.696217	1.604912	0.179787	8677.727539
3827.697118	1.558341	0.179787	10081.792969
3827.698000	1.514956	0.179787	11417.984375
3827.698909	1.165067	0.179787	12477.030273
3827.699933	0.114034	0.179787	12593.801758
3827.700833	0.095149	0.179787	12679.435547
3827.701719	0.095211	0.179787	12763.792969
3827.702724	0.095303	0.179787	12859.572266
3827.703632	0.095142	0.179787	12945.960937
3827.704553	0.095248	0.179787	13033.684570
3827.705409	0.095281	0.179787	13115.245117
3827.706438	0.095325	0.179787	13213.333984
3827.707319	0.095270	0.179787	13297.266602
3827.708192	0.095142	0.179787	13380.325195
3828.756925	1.308746	0.142650	553.599731
3828.757788	1.802527	0.142650	2109.180420
3828.758880	1.761870	0.142650	4033.142578
3828.759853	1.705503	0.142650	5692.596680
3828.760720	1.656306	0.142650	7128.614258
3828.761765	1.600671	0.142650	8801.316406
3828.762816	1.547604	0.142650	10427.847656
3828.763712	1.503428	0.142650	11774.918945
3828.764649	0.880723	0.142650	12600.156250
3828.765710	0.097397	0.142650	12703.495117
3828.766655	0.095244	0.142650	12793.500977
3828.767512	0.095208	0.142650	12875.093750
3828.768560	0.095413	0.142650	12975.085937
3828.769585	0.095314	0.142650	13072.782227
3828.770455	0.095266	0.142650	13155.664062
3828.771402	0.095310	0.142650	13245.922852
3828.772459	0.095317	0.142650	13346.672852
3828.773391	0.095288	0.142650	13435.481445
3828.774261	0.095262	0.142650	13518.359375
3829.769673	1.336077	0.173841	582.529480
3829.770554	1.804519	0.173841	2172.310791
3829.771567	1.764972	0.173841	3960.227295
3829.772629	1.703965	0.173841	5769.837891
3829.773523	1.652717	0.173841	7247.367187
3829.774413	1.603440	0.173841	8674.428711
3829.775506	1.549288	0.173841	10367.800781
3829.776465	1.502351	0.173841	11808.555664
3829.777334	0.956708	0.173841	12639.934570
3829.778381	0.099576	0.173841	12744.191406
3829.779404	0.095219	0.173841	12841.599609
3829.780288	0.095299	0.173841	12925.843750
3829.781237	0.095358	0.173841	13016.337891
3829.782286	0.095347	0.173841	13116.356445
3829.783219	0.095303	0.173841	13205.273437
3829.784075	0.095262	0.173841	13286.818359
3829.785105	0.095358	0.173841	13385.037109
3829.786118	0.095299	0.173841	13481.575195
3829.787007	0.095299	0.173841	13566.295898
3830.837225	1.357119	0.139806	625.631897
3830.838100	1.804867	0.139806	2204.890381
3830.839103	1.763826	0.139806	3974.007568
3830.840018	1.709333	0.139806	5538.047852
3830.840951	1.657950	0.139806	7084.915527
3830.841823	1.609116	0.139806	8488.064453
3830.842872	1.556558	0.139806	10120.893555
3830.843771	1.512499	0.139806	11480.629883
3830.844651	1.246505	0.139806	12577.554687
3830.845672	0.133876	0.139806	12714.242187
3830.846596	0.095175	0.139806	12802.183594
3830.847521	0.095222	0.139806	12890.263672
3830.848380	0.095244	0.139806	12972.078125
3830.849422	0.095248	0.139806	13071.326172
3830.850294	0.095208	0.139806	13154.346680
3830.851163	0.095284	0.139806	13237.148437
3830.852134	0.095321	0.139806	13329.705078
3830.853083	0.095222	0.139806	13420.071289
3830.853993	0.095182	0.139806	13506.686523
3831.848459	1.377967	0.175440	691.739685
3831.849450	1.803951	0.175440	2479.455566
3831.850351	1.760651	0.175440	4065.801758
3831.851352	1.703262	0.175440	5770.766602
3831.852389	1.645426	0.175440	7477.073242
3831.853296	1.596808	0.175440	8925.377930
3831.854162	1.550339	0.175440	10267.971680
3831.855285	1.498132	0.175440	11950.374023
3831.856255	0.658715	0.175440	12589.327148
3831.857113	0.096562	0.175440	12672.177734
3831.858150	0.095295	0.175440	12770.999023
3831.859176	0.095226	0.175440	12868.701172
3831.860061	0.095251	0.175440	12952.999023
3831.860983	0.095310	0.175440	13040.875000
3831.862041	0.095383	0.175440	13141.791016
3831.862983	0.095273	0.175440	13231.539062
3831.863841	0.095255	0.175440	13313.267578
3831.864867	0.095486	0.175440	13411.236328
3831.865890	0.095292	0.175440	13508.719727
3832.916173	1.318132	0.142561	579.978210
3832.917039	1.804270	0.142561	2142.476074
3832.918084	1.763716	0.142561	3985.559082
3832.919123	1.703679	0.142561	5755.681641
3832.920011	1.653340	0.142561	7223.847656
3832.920934	1.603198	0.142561	8703.599609
3832.922009	1.549464	0.142561	10369.273437
3832.922934	1.503875	0.142561	11760.357422
3832.923812	0.969207	0.142561	12611.320312
3832.924864	0.098683	0.142561	12715.134766
3832.925873	0.095200	0.142561	12811.191406
3832.926762	0.095306	0.142561	12895.918945
3832.927724	0.095317	0.142561	12987.614258
3832.928769	0.095295	0.142561	13087.198242
3832.929697	0.095270	0.142561	13175.608398
3832.930559	0.095365	0.142561	13257.813477
3832.931637	0.095416	0.142561	13360.671875
3832.932625	0.095262	0.142561	13454.791016
3832.933519	0.095281	0.142561	13539.971680
3833.926854	1.312093	0.174328	565.512268
3833.927718	1.803999	0.174328	2124.167480
3833.928755	1.765353	0.174328	3954.838379
3833.929660	1.711091	0.174328	5503.375977
3833.930571	1.659210	0.174328	7014.916504
3833.931450	1.610962	0.174328	8430.952148
3833.932491	1.559077	0.174328	10053.951172
3833.933379	1.515579	0.174328	11399.785156
3833.934259	1.309816	0.174328	12552.422852
3833.935234	0.164414	0.174328	12712.726562
3833.936181	0.095134	0.174328	12802.818359
3833.937109	0.095208	0.174328	12891.170898
3833.937973	0.095229	0.174328	12973.449219
3833.938998	0.095186	0.174328	13071.014648
3833.939871	0.095200	0.174328	13154.124023
3833.940745	0.095233	0.174328	13237.357422
3833.941670	0.095248	0.174328	13325.461914
3833.942661	0.095127	0.174328	13419.732422
3833.943585	0.095039	0.174328	13507.548828
3834.995224	1.400240	0.147580	716.923096
3834.996151	1.804922	0.147580	2390.085693
3834.997016	1.764404	0.147580	3916.295410
3834.998106	1.702606	0.147580	5772.136230
3834.999096	1.646788	0.147580	7402.456543
3834.999980	1.600012	0.147580	8816.867187
3835.000970	1.550127	0.147580	10351.493164
3835.002030	1.499268	0.147580	11940.716797
3835.002929	0.769157	0.147580	12632.188477
3835.003785	0.098353	0.147580	12716.378906
3835.004882	0.095292	0.147580	12820.914062
3835.005840	0.095197	0.147580	12912.112305
3835.006710	0.095240	0.147580	12994.971680
3835.007700	0.095306	0.147580	13089.325195
3835.008750	0.095229	0.147580	13189.316406
3835.009642	0.095229	0.147580	13274.260742
3835.010507	0.095376	0.147580	13356.760742
3835.011611	0.095409	0.147580	13462.091797
3835.012573	0.095262	0.147580	13553.734375
3836.006081	1.315785	0.180113	567.103333
3836.006946	1.803069	0.180113	2126.757812
3836.008034	1.761383	0.180113	4043.142578
3836.009027	1.703152	0.180113	5734.372559
3836.009921	1.653446	0.180113	7212.553223
3836.010909	1.601158	0.180113	8794.498047
3836.011969	1.547505	0.180113	10434.853516
3836.012877	1.503076	0.180113	11799.646484
3836.013754	0.898077	0.180113	12587.260742
3836.014854	0.097181	0.180113	12694.160156
3836.015818	0.095215	0.180113	12785.947266
3836.016679	0.095248	0.180113	12867.956055
3836.017722	0.095427	0.180113	12967.486328
3836.018745	0.095266	0.180113	13064.943359
3836.019630	0.095240	0.180113	13149.231445
3836.020553	0.095376	0.180113	13237.263672
3836.021604	0.095413	0.180113	13337.541992
3836.022548	0.095211	0.180113	13427.420898
3836.023405	0.095266	0.180113	13509.063477
3837.074359	1.305776	0.139314	548.426086
3837.075380	1.804021	0.139314	2390.331543
3837.076284	1.763514	0.139314	3984.548584
3837.077166	1.712476	0.139314	5494.952148
3837.078132	1.658276	0.139314	7096.847168
3837.079115	1.605132	0.139314	8674.691406
3837.080032	1.558184	0.139314	10103.545898
3837.080907	1.514820	0.139314	11429.013672
3837.081959	1.078455	0.139314	12563.547852
3837.082840	0.115144	0.139314	12664.990234
3837.083716	0.095215	0.139314	12748.398437
3837.084613	0.095288	0.139314	12833.872070
3837.085619	0.095339	0.139314	12929.783203
3837.086541	0.095284	0.139314	13017.635742
3837.087432	0.095255	0.139314	13102.507812
3837.088415	0.095391	0.139314	13196.276367
3837.089334	0.095303	0.139314	13283.859375
3837.090254	0.095347	0.139314	13371.578125
3837.091116	0.095306	0.139314	13453.732422
3838.086844	1.329551	0.175078	565.059082
3838.087944	1.802014	0.175078	2547.274658
3838.088918	1.754974	0.175078	4256.619629
3838.089788	1.704280	0.175078	5739.342773
3838.090844	1.645437	0.175078	7476.924316
3838.091880	1.590754	0.175078	9124.946289
3838.092786	1.545297	0.175078	10524.985352
3838.093724	1.499044	0.175078	11931.088867
3838.094795	0.563782	0.175078	12534.899414
3838.095731	0.095317	0.175078	12624.116211
3838.096590	0.095255	0.175078	12705.940430
3838.097645	0.095479	0.175078	12806.669922
3838.098663	0.095317	0.175078	12903.703125
3838.099543	0.095317	0.175078	12987.582031
3838.100512	0.095372	0.175078	13079.998047
3838.101553	0.095405	0.175078	13179.314453
3838.102485	0.095281	0.175078	13268.116211
3838.103343	0.095416	0.175078	13349.983398
3838.104380	0.095398	0.175078	13448.911133
3839.152578	1.309208	0.148257	559.031738
3839.153457	1.801794	0.148257	2142.809082
3839.154559	1.759977	0.148257	4082.303467
3839.155522	1.704067	0.148257	5723.320312
3839.156399	1.654548	0.148257	7174.359375
3839.157430	1.599419	0.148257	8823.360352
3839.158465	1.546974	0.148257	10424.478516
3839.159363	1.503355	0.148257	11774.491211
3839.160312	0.855494	0.148257	12586.355469
3839.161370	0.096698	0.148257	12688.662109
3839.162302	0.095098	0.148257	12777.292969
3839.163170	0.095299	0.148257	12860.012695
3839.164213	0.095409	0.148257	12959.524414
3839.165221	0.095273	0.148257	13055.559570
3839.166109	0.095171	0.148257	13140.071289
3839.167059	0.095303	0.148257	13230.609375
3839.168105	0.095336	0.148257	13330.330078
3839.169022	0.095182	0.148257	13417.612305
3839.169879	0.095303	0.148257	13499.287109
3840.165596	1.340680	0.179315	591.239807
3840.166475	1.804241	0.179315	2177.167480
3840.167352	1.771930	0.179315	3731.149902
3840.168346	1.715889	0.179315	5436.743164
3840.169272	1.662286	0.179315	6976.020508
3840.170141	1.614364	0.179315	8378.902344
3840.171011	1.567035	0.179315	9742.222656
3840.172048	1.518406	0.179315	11316.809570
3840.172988	1.293069	0.179315	12532.293945
3840.173869	0.162891	0.179315	12675.800781
3840.174923	0.095321	0.179315	12776.269531
3840.175819	0.095284	0.179315	12861.644531
3840.176694	0.095255	0.179315	12944.993164
3840.177572	0.095277	0.179315	13028.646484
3840.178616	0.095262	0.179315	13128.100586
3840.179500	0.095281	0.179315	13212.329102
3840.180367	0.095189	0.179315	13294.858398
3840.181373	0.095398	0.179315	13390.829102
3840.182279	0.095336	0.179315	13477.203125
3841.232579	1.315917	0.139379	563.212402
3841.233560	1.801208	0.139379	2330.197998
3841.234612	1.757326	0.139379	4178.904297
3841.235533	1.703489	0.139379	5747.817383
3841.236397	1.653636	0.139379	7176.559570
3841.237478	1.597390	0.139379	8903.337891
3841.238480	1.546479	0.139379	10452.910156
3841.239365	1.503204	0.139379	11783.246094
3841.240377	0.777620	0.139379	12570.197266
3841.241429	0.096061	0.139379	12671.252930
3841.242313	0.095226	0.139379	12755.432617
3841.243182	0.095427	0.139379	12838.359375
3841.244276	0.095464	0.139379	12942.796875
3841.245249	0.095208	0.139379	13035.433594
3841.246117	0.095273	0.139379	13118.130859
3841.247177	0.095427	0.139379	13219.284180
3841.248211	0.095310	0.139379	13317.834961
3841.249104	0.095266	0.139379	13402.907227
3841.250018	0.095325	0.139379	13490.034180
3842.245571	1.317155	0.168290	565.059265
3842.246432	1.802117	0.168290	2116.681885
3842.247537	1.760607	0.168290	4062.152344
3842.248513	1.704375	0.168290	5725.622070
3842.249381	1.655336	0.168290	7162.453125
3842.250457	1.590366	0.168290	8873.687500
3842.251490	1.538009	0.168290	10462.451172
3842.252381	1.501457	0.168290	11800.250000
3842.253324	0.837144	0.168290	12589.676758
3842.254369	0.096757	0.168290	12690.787109
3842.255296	0.095193	0.168290	12779.031250
3842.256160	0.095270	0.168290	12861.344727
3842.257208	0.095372	0.168290	12961.294922
3842.258240	0.095306	0.168290	13059.651367
3842.259112	0.095295	0.168290	13142.749023
3842.260077	0.095369	0.168290	13234.779297
3842.261129	0.095343	0.168290	13335.080078
3842.262049	0.095262	0.168290	13422.721680
3842.262924	0.095314	0.168290	13506.121094
3843.311113	1.379703	0.138267	693.990784
3843.312018	1.804969	0.138267	2327.488037
3843.312888	1.765759	0.138267	3863.698730
3843.313965	1.704273	0.138267	5699.200195
3843.314971	1.647609	0.138267	7356.694336
3843.315879	1.600056	0.138267	8809.544922
3843.316871	1.549772	0.138267	10346.917969
3843.317942	1.498436	0.138267	11951.743164
3843.318840	0.755314	0.138267	12630.014648
3843.319721	0.097972	0.138267	12716.328125
3843.320827	0.095306	0.138267	12821.737305
3843.321785	0.095211	0.138267	12912.949219
3843.322652	0.095255	0.138267	12995.535156
3843.323691	0.095405	0.138267	13094.661133
3843.324720	0.095347	0.138267	13192.772461
3843.325613	0.095273	0.138267	13277.851562
3843.326540	0.095402	0.138267	13366.289062
3843.327582	0.095420	0.138267	13465.716797
3843.328521	0.095306	0.138267	13555.209961
3844.324365	1.387408	0.170082	704.803467
3844.325278	1.805013	0.170082	2352.780762
3844.326144	1.764833	0.170082	3881.125977
3844.327246	1.702852	0.170082	5757.668457
3844.328224	1.647949	0.170082	7369.362793
3844.329120	1.600613	0.170082	8803.511719
3844.330123	1.550310	0.170082	10358.472656
3844.331171	1.499571	0.170082	11930.023437
3844.332070	0.797798	0.170082	12647.244141
3844.332947	0.098961	0.170082	12734.033203
3844.334033	0.095354	0.170082	12837.587891
3844.334986	0.095244	0.170082	12928.355469
3844.335842	0.095303	0.170082	13009.934570
3844.336859	0.095464	0.170082	13107.021484
3844.337923	0.095299	0.170082	13208.419922
3844.338794	0.095328	0.170082	13291.451172
3844.339718	0.095383	0.170082	13379.584961
3844.340779	0.095398	0.170082	13480.801758
3844.341729	0.095229	0.170082	13571.269531
3845.388746	1.322457	0.138666	576.591309
3845.389614	1.803735	0.138666	2142.233643
3845.390656	1.763144	0.138666	3979.430176
3845.391601	1.708304	0.138666	5593.777832
3845.392488	1.658280	0.138666	7064.672363
3845.393430	1.608021	0.138666	8579.428711
3845.394491	1.553672	0.138666	10227.875000
3845.395387	1.509803	0.138666	11580.659180
3845.396255	1.159552	0.138666	12587.150391
3845.397326	0.106619	0.138666	12701.338867
3845.398274	0.095167	0.138666	12791.557617
3845.399149	0.095347	0.138666	12874.986328
3845.400051	0.095226	0.138666	12960.879883
3845.401123	0.095295	0.138666	13063.036133
3845.402003	0.095193	0.138666	13146.805664
3845.402860	0.095295	0.138666	13228.473633
3845.403888	0.095372	0.138666	13326.516602
3845.404855	0.095215	0.138666	13418.589844
3845.405731	0.095288	0.138666	13502.062500
3846.404596	1.375957	0.161184	652.203674
3846.405469	1.804984	0.161184	2227.954834
3846.406448	1.764265	0.161184	3955.170410
3846.407509	1.702793	0.161184	5761.833984
3846.408420	1.651809	0.161184	7266.631836
3846.409289	1.603074	0.161184	8659.703125
3846.410391	1.549091	0.161184	10366.800781
3846.411360	1.501179	0.161184	11821.443359
3846.412250	0.907053	0.161184	12628.720703
3846.413243	0.100693	0.161184	12728.708984
3846.414294	0.095303	0.161184	12828.872070
3846.415184	0.095317	0.161184	12913.704102
3846.416051	0.095339	0.161184	12996.363281
3846.417148	0.095394	0.161184	13101.010742
3846.418115	0.095149	0.161184	13193.019531
3846.418979	0.095219	0.161184	13275.288086
3846.420005	0.095402	0.161184	13373.169922
3846.421035	0.095248	0.161184	13471.275391
3846.421915	0.095325	0.161184	13555.161133
3847.465656	1.304143	0.140253	551.652527
3847.466717	1.802340	0.140253	2463.935547
3847.467734	1.755044	0.140253	4248.815430
3847.468614	1.703016	0.140253	5747.469727
3847.469581	1.649597	0.140253	7342.629883
3847.470639	1.592648	0.140253	9027.651367
3847.471566	1.545989	0.140253	10460.783203
3847.472440	1.502640	0.140253	11774.090820
3847.473501	0.705612	0.140253	12522.744141
3847.474489	0.095592	0.140253	12617.189453
3847.475384	0.095237	0.140253	12702.426758
3847.476363	0.095424	0.140253	12795.846680
3847.477403	0.095270	0.140253	12894.927734
3847.478314	0.095292	0.140253	12981.738281
3847.479177	0.095306	0.140253	13063.987305
3847.480269	0.095438	0.140253	13168.206055
3847.481249	0.095200	0.140253	13261.501953
3847.482130	0.095306	0.140253	13345.466797
3847.483147	0.095453	0.140253	13442.541992
3848.484108	1.383402	0.165196	697.234680
3848.484994	1.804885	0.165196	2296.363037
3848.485860	1.768667	0.165196	3828.028809
3848.486935	1.706122	0.165196	5662.109863
3848.487902	1.652285	0.165196	7259.869629
3848.488779	1.604641	0.165196	8667.139648
3848.489672	1.558151	0.165196	10058.568359
3848.490772	1.506504	0.165196	11715.722656
3848.491664	1.018938	0.165196	12624.615234
3848.492523	0.110006	0.165196	12719.110352
3848.493587	0.095358	0.165196	12820.571289
3848.494551	0.095273	0.165196	12912.415039
3848.495423	0.095314	0.165196	12995.528320
3848.496292	0.095350	0.165196	13078.387695
3848.497381	0.095391	0.165196	13182.268555
3848.498286	0.095229	0.165196	13268.451172
3848.499165	0.095262	0.165196	13352.186523
3848.500159	0.095380	0.165196	13446.994141
3848.501160	0.095292	0.165196	13542.380859
3849.543946	1.379689	0.145377	692.603760
3849.544837	1.805226	0.145377	2301.060059
3849.545701	1.766078	0.145377	3826.951172
3849.546798	1.704613	0.145377	5696.911621
3849.547767	1.650923	0.145377	7296.655762
3849.548632	1.604454	0.145377	8684.508789
3849.549686	1.550775	0.145377	10319.025391
3849.550729	1.500410	0.145377	11883.953125
3849.551622	0.834836	0.145377	12629.461914
3849.552533	0.100104	0.145377	12720.656250
3849.553592	0.095240	0.145377	12821.515625
3849.554534	0.095142	0.145377	12911.138672
3849.555391	0.095248	0.145377	12992.765625
3849.556404	0.095354	0.145377	13089.359375
3849.557457	0.095277	0.145377	13189.686523
3849.558331	0.095237	0.145377	13272.923828
3849.559265	0.095281	0.145377	13361.916016
3849.560305	0.095369	0.145377	13461.099609
3849.561249	0.095273	0.145377	13551.038086
3850.564300	1.334465	0.164274	589.833618
3850.565181	1.804277	0.164274	2179.401855
3850.566203	1.764353	0.164274	3982.570557
3850.567249	1.703851	0.164274	5764.798828
3850.568134	1.653164	0.164274	7227.849121
3850.569026	1.603345	0.164274	8658.032227
3850.570123	1.548721	0.164274	10356.978516
3850.571099	1.501208	0.164274	11822.158203
3850.571975	0.925532	0.164274	12632.924805
3850.573002	0.098478	0.164274	12734.061523
3850.574031	0.095314	0.164274	12832.139648
3850.574921	0.095303	0.164274	12916.958984
3850.575880	0.095405	0.164274	13008.453125
3850.576939	0.095358	0.164274	13109.436523
3850.577866	0.095211	0.164274	13197.697266
3850.578727	0.095336	0.164274	13279.781250
3850.579799	0.095394	0.164274	13382.043945
3850.580795	0.095270	0.164274	13476.932617
3850.581688	0.095255	0.164274	13561.995117
3851.621823	1.307435	0.146948	555.659973
3851.622688	1.803787	0.146948	2115.935303
3851.623736	1.764569	0.146948	3965.203613
3851.624643	1.710187	0.146948	5516.342773
3851.625575	1.658481	0.146948	7062.047363
3851.626444	1.610193	0.146948	8461.304687
3851.627483	1.557817	0.146948	10079.876953
3851.628372	1.514458	0.146948	11426.230469
3851.629252	1.289279	0.146948	12560.795898
3851.630285	0.143617	0.146948	12709.152344
3851.631173	0.095116	0.146948	12793.615234
3851.632090	0.095259	0.146948	12880.967773
3851.632972	0.095299	0.146948	12965.021484
3851.634002	0.095240	0.146948	13063.119141
3851.634892	0.095321	0.146948	13147.955078
3851.635769	0.095328	0.146948	13231.557617
3851.636730	0.095427	0.146948	13323.263672
3851.637697	0.095229	0.146948	13415.350586
3851.638621	0.095219	0.146948	13503.332031
3852.644301	1.322109	0.168749	580.406006
3852.645164	1.803256	0.168749	2136.615723
3852.646227	1.762262	0.168749	4009.900391
3852.647255	1.702866	0.168749	5760.446777
3852.648136	1.652999	0.168749	7216.739258
3852.649111	1.602089	0.168749	8778.775391
3852.650171	1.547908	0.168749	10419.557617
3852.651088	1.502948	0.168749	11797.760742
3852.651954	0.936998	0.168749	12609.201172
3852.653022	0.098024	0.168749	12713.890625
3852.654018	0.095197	0.168749	12808.706055
3852.654908	0.095248	0.168749	12893.476562
3852.655890	0.095281	0.168749	12987.041992
3852.656953	0.095277	0.168749	13088.321289
3852.657854	0.095233	0.168749	13174.125977
3852.658718	0.095284	0.168749	13256.452148
3852.659832	0.095215	0.168749	13362.521484
3852.660794	0.095153	0.168749	13454.058594
3852.661660	0.095175	0.168749	13536.479492
3853.699861	1.394843	0.150110	712.764526
3853.700801	1.804889	0.150110	2409.359863
3853.701670	1.764353	0.150110	3942.582520
3853.702724	1.703423	0.150110	5737.990234
3853.703743	1.646517	0.150110	7415.791504
3853.704649	1.598060	0.150110	8863.633789
3853.705606	1.550123	0.150110	10347.101562
3853.706667	1.498542	0.150110	11937.054687
3853.707604	0.713675	0.150110	12605.768555
3853.708466	0.097386	0.150110	12689.715820
3853.709529	0.095431	0.150110	12791.159180
3853.710519	0.095262	0.150110	12885.468750
3853.711407	0.095350	0.150110	12970.139648
3853.712399	0.095365	0.150110	13064.742187
3853.713429	0.095317	0.150110	13162.918945
3853.714334	0.095277	0.150110	13249.144531
3853.715188	0.095343	0.150110	13330.567383
3853.716278	0.095427	0.150110	13434.583008
3853.717270	0.095361	0.150110	13529.181641
3854.724797	1.302089	0.168552	550.783508
3854.725788	1.801670	0.168552	2336.238525
3854.726853	1.757281	0.168552	4207.743164
3854.727732	1.704551	0.168552	5706.042969
3854.728617	1.652834	0.168552	7168.801270
3854.729704	1.596596	0.168552	8904.300781
3854.730661	1.548527	0.168552	10386.240234
3854.731529	1.506167	0.168552	11693.593750
3854.732572	0.797736	0.168552	12525.631836
3854.733609	0.096138	0.168552	12625.326172
3854.734501	0.095193	0.168552	12710.238281
3854.735437	0.095369	0.168552	12799.502930
3854.736507	0.095244	0.168552	12901.414062
3854.737435	0.095197	0.168552	12989.756836
3854.738297	0.095281	0.168552	13071.888672
3854.739369	0.095420	0.168552	13174.178711
3854.740369	0.095284	0.168552	13269.462891
3854.741257	0.095222	0.168552	13354.020508
3854.742235	0.095328	0.168552	13447.251953
3855.779851	1.380417	0.145119	694.349976
3855.780756	1.805145	0.145119	2328.006348
3855.781626	1.765389	0.145119	3863.895020
3855.782704	1.703987	0.145119	5700.792969
3855.783700	1.648499	0.145119	7342.697266
3855.784597	1.601385	0.145119	8779.139648
3855.785588	1.550977	0.145119	10316.157227
3855.786643	1.499883	0.145119	11898.533203
3855.787560	0.782062	0.145119	12615.683594
3855.788424	0.098390	0.145119	12700.692383
3855.789530	0.095295	0.145119	12806.088867
3855.790491	0.095208	0.145119	12897.583008
3855.791361	0.095262	0.145119	12980.460937
3855.792399	0.095299	0.145119	13079.381836
3855.793422	0.095288	0.145119	13176.861328
3855.794316	0.095295	0.145119	13262.055664
3855.795238	0.095336	0.145119	13349.955078
3855.796299	0.095376	0.145119	13451.149414
3855.797245	0.095215	0.145119	13541.222656
3856.804053	1.347015	0.165897	596.727783
3856.804919	1.802618	0.165897	2157.795410
3856.806022	1.759460	0.165897	4098.480469
3856.806982	1.702873	0.165897	5733.239258
3856.807858	1.653992	0.165897	7182.135742
3856.808877	1.600726	0.165897	8813.275391
3856.809931	1.547388	0.165897	10444.221680
3856.810817	1.503882	0.165897	11776.661133
3856.811693	0.916047	0.165897	12579.118164
3856.812777	0.097939	0.165897	12685.284180
3856.813743	0.095156	0.165897	12777.205078
3856.814602	0.095153	0.165897	12858.941406
3856.815613	0.095358	0.165897	12955.347656
3856.816651	0.095262	0.165897	13054.230469
3856.817544	0.095347	0.165897	13139.375000
3856.818474	0.095310	0.165897	13228.013672
3856.819541	0.095372	0.165897	13329.776367
3856.820484	0.095171	0.165897	13419.522461
3856.821354	0.095281	0.165897	13502.416992
3857.858491	1.301525	0.146473	545.338806
3857.859453	1.801110	0.146473	2278.006348
3857.860404	1.763925	0.146473	3955.498535
3857.861322	1.710560	0.146473	5525.792969
3857.862203	1.660869	0.146473	6989.018555
3857.863237	1.605945	0.146473	8649.565430
3857.864134	1.559707	0.146473	10048.623047
3857.865014	1.516263	0.146473	11382.934570
3857.865949	1.195807	0.146473	12501.013672
3857.866948	0.124816	0.146473	12625.704102
3857.867825	0.095182	0.146473	12709.178711
3857.868687	0.095288	0.146473	12791.317383
3857.869801	0.095317	0.146473	12897.500977
3857.870675	0.095204	0.146473	12980.708984
3857.871544	0.095299	0.146473	13063.523437
3857.872601	0.095314	0.146473	13164.270508
3857.873566	0.095229	0.146473	13256.166992
3857.874451	0.095233	0.146473	13340.448242
3857.875310	0.095328	0.146473	13422.334961
3858.882332	1.401094	0.163976	711.755615
3858.883333	1.802937	0.163976	2516.495605
3858.884226	1.759746	0.163976	4087.948730
3858.885195	1.703628	0.163976	5738.764160
3858.886253	1.644602	0.163976	7478.752930
3858.887168	1.595588	0.163976	8938.716797
3858.888036	1.550218	0.163976	10284.306641
3858.889149	1.497740	0.163976	11951.291992
3858.890116	0.639261	0.163976	12569.458008
3858.890992	0.096259	0.163976	12653.780273
3858.892004	0.095266	0.163976	12750.189453
3858.893060	0.095299	0.163976	12850.825195
3858.893954	0.095295	0.163976	12936.019531
3858.894840	0.095442	0.163976	13020.581055
3858.895933	0.095398	0.163976	13124.850586
3858.896892	0.095255	0.163976	13216.200195
3858.897752	0.095259	0.163976	13298.123047
3858.898776	0.095266	0.163976	13395.675781
3858.899803	0.095350	0.163976	13493.600586
3859.939084	1.383592	0.136958	695.947021
3859.940047	1.804548	0.136958	2433.727051
3859.940915	1.764035	0.136958	3964.909180
3859.941976	1.702537	0.136958	5771.300781
3859.943009	1.645375	0.136958	7470.972656
3859.943903	1.597137	0.136958	8898.813477
3859.944838	1.549834	0.136958	10347.908203
3859.945901	1.497934	0.136958	11940.212891
3859.946857	0.686316	0.136958	12596.331055
3859.947719	0.096910	0.136958	12679.868164
3859.948771	0.095398	0.136958	12780.226562
3859.949784	0.095262	0.136958	12876.727539
3859.950666	0.095288	0.136958	12960.771484
3859.951634	0.095328	0.136958	13053.049805
3859.952685	0.095339	0.136958	13153.251953
3859.953610	0.095328	0.136958	13241.430664
3859.954466	0.095306	0.136958	13323.012695
3859.955512	0.095457	0.136958	13422.860352
3859.956518	0.095262	0.136958	13518.694336
3860.959732	1.378652	0.154956	650.723877
3860.960615	1.804761	0.154956	2244.327637
3860.961587	1.764994	0.154956	3959.901855
3860.962640	1.703287	0.154956	5753.463379
3860.963561	1.651205	0.154956	7274.223145
3860.964424	1.603619	0.154956	8658.146484
3860.965506	1.550255	0.154956	10335.522461
3860.966507	1.501139	0.154956	11838.162109
3860.967391	0.902479	0.154956	12635.954102
3860.968399	0.101158	0.154956	12737.921875
3860.969442	0.095164	0.154956	12837.177734
3860.970324	0.095178	0.154956	12921.125000
3860.971193	0.095273	0.154956	13003.917969
3860.972292	0.095306	0.154956	13108.660156
3860.973272	0.095175	0.154956	13201.931641
3860.974138	0.095229	0.154956	13284.400391
3860.975196	0.095409	0.154956	13385.342773
3860.976232	0.095248	0.154956	13484.019531
3860.977125	0.095182	0.154956	13569.016602
3862.018790	1.336644	0.135032	622.876221
3862.019805	1.803604	0.135032	2453.533691
3862.020734	1.759658	0.135032	4088.256348
3862.021613	1.708458	0.135032	5589.991211
3862.022635	1.653102	0.135032	7279.461426
3862.023538	1.602594	0.135032	8726.603516
3862.024469	1.556082	0.135032	10175.315430
3862.025333	1.510503	0.135032	11480.389648
3862.026377	0.998862	0.135032	12523.202148
3862.027270	0.106754	0.135032	12618.533203
3862.028144	0.095120	0.135032	12701.667969
3862.029115	0.095295	0.135032	12794.200195
3862.030054	0.095222	0.135032	12883.614258
3862.030980	0.095142	0.135032	12971.715820
3862.031839	0.095240	0.135032	13053.527344
3862.032861	0.095186	0.135032	13150.806641
3862.033750	0.095197	0.135032	13235.436523
3862.034624	0.095219	0.135032	13318.657227
3862.035571	0.095248	0.135032	13408.856445
3863.036373	1.352666	0.161059	601.936401
3863.037248	1.804292	0.161059	2180.691895
3863.038270	1.764035	0.161059	3983.535156
3863.039315	1.703613	0.161059	5763.811035
3863.040204	1.652758	0.161059	7233.112305
3863.041083	1.604286	0.161059	8643.279297
3863.042186	1.549937	0.161059	10352.859375
3863.043149	1.502413	0.161059	11799.683594
3863.044016	0.967819	0.161059	12638.782227
3863.045042	0.099445	0.161059	12740.812500
3863.046068	0.095284	0.161059	12838.574219
3863.046957	0.095273	0.161059	12923.272461
3863.047892	0.095251	0.161059	13012.333008
3863.048958	0.095251	0.161059	13113.871094
3863.049901	0.095284	0.161059	13203.724609
3863.050766	0.095244	0.161059	13286.110352
3863.051808	0.095332	0.161059	13385.446289
3863.052827	0.095266	0.161059	13482.522461
3863.053716	0.095138	0.161059	13567.099609
3864.099081	1.381904	0.134069	685.424561
3864.099980	1.804882	0.134069	2308.013184
3864.100854	1.765111	0.134069	3850.720215
3864.101959	1.702745	0.134069	5732.253906
3864.102947	1.648352	0.134069	7360.825684
3864.103818	1.601462	0.134069	8755.699219
3864.104908	1.546143	0.134069	10440.994141
3864.105949	1.495767	0.134069	11998.086914
3864.106848	0.691066	0.134069	12619.355469
3864.107780	0.097035	0.134069	12709.791992
3864.108845	0.095284	0.134069	12811.269531
3864.109787	0.095255	0.134069	12901.000000
3864.110651	0.095244	0.134069	12983.291016
3864.111701	0.095339	0.134069	13083.397461
3864.112715	0.095244	0.134069	13179.974609
3864.113602	0.095208	0.134069	13264.423828
3864.114553	0.095358	0.134069	13355.109375
3864.115601	0.095380	0.134069	13455.067383
3864.116522	0.095197	0.134069	13542.743164
3865.114679	1.434426	0.157357	788.934448
3865.115736	1.800575	0.157357	2692.142090
3865.116633	1.754139	0.157357	4265.604980
3865.117503	1.700636	0.157357	5745.158203
3865.118625	1.640793	0.157357	7586.128418
3865.119598	1.589586	0.157357	9132.795898
3865.120470	1.545447	0.157357	10480.425781
3865.121509	1.495173	0.157357	12033.911133
3865.122548	0.484669	0.157357	12537.482422
3865.123442	0.095229	0.157357	12622.617187
3865.124384	0.095292	0.157357	12712.381836
3865.125444	0.095380	0.157357	12813.484375
3865.126388	0.095244	0.157357	12903.394531
3865.127248	0.095240	0.157357	12985.301758
3865.128315	0.095468	0.157357	13087.166016
3865.129319	0.095306	0.157357	13182.853516
3865.130201	0.095288	0.157357	13266.897461
3865.131182	0.095427	0.157357	13360.511719
3865.132228	0.095383	0.157357	13460.282227
3866.178911	1.457589	0.135459	841.028931
3866.179807	1.803614	0.135459	2457.067383
3866.180730	1.759929	0.135459	4081.481934
3866.181606	1.706840	0.135459	5576.673340
3866.182655	1.650066	0.135459	7307.592285
3866.183545	1.602528	0.135459	8733.841797
3866.184426	1.557806	0.135459	10106.269531
3866.185429	1.509642	0.135459	11620.440430
3866.186377	1.020626	0.135459	12587.994141
3866.187297	0.106340	0.135459	12685.827148
3866.188159	0.095182	0.135459	12767.874023
3866.189195	0.095310	0.135459	12866.615234
3866.190077	0.095222	0.135459	12950.601562
3866.190941	0.095288	0.135459	13032.930664
3866.191890	0.095273	0.135459	13123.344727
3866.192850	0.095262	0.135459	13214.796875
3866.193758	0.095215	0.135459	13301.251953
3866.194637	0.095284	0.135459	13385.006836
3866.195660	0.095310	0.135459	13482.508789
3867.192316	1.372764	0.169994	668.535889
3867.193199	1.805050	0.169994	2262.395020
3867.194135	1.765715	0.169994	3915.104492
3867.195215	1.702804	0.169994	5754.132812
3867.196167	1.650084	0.169994	7325.013184
3867.197034	1.602795	0.169994	8714.636719
3867.198105	1.548790	0.169994	10373.390625
3867.199113	1.499648	0.169994	11885.036133
3867.200012	0.827205	0.169994	12628.693359
3867.200993	0.099401	0.169994	12726.205078
3867.202030	0.095292	0.169994	12825.022461
3867.202942	0.095244	0.169994	12911.884766
3867.203803	0.095358	0.169994	12993.987305
3867.204875	0.095416	0.169994	13096.273437
3867.205868	0.095240	0.169994	13190.847656
3867.206747	0.095262	0.169994	13274.583008
3867.207717	0.095262	0.169994	13366.987305
3867.208775	0.095405	0.169994	13467.925781
3867.209665	0.095314	0.169994	13552.754883
3868.258566	1.378630	0.142730	685.179321
3868.259479	1.804973	0.142730	2333.119629
3868.260346	1.765704	0.142730	3863.985352
3868.261443	1.703500	0.142730	5732.724609
3868.262432	1.647825	0.142730	7362.423340
3868.263329	1.600393	0.142730	8797.975586
3868.264313	1.550746	0.142730	10323.909180
3868.265376	1.499030	0.142730	11917.377930
3868.266293	0.760243	0.142730	12614.520508
3868.267153	0.098082	0.142730	12698.871094
3868.268240	0.095310	0.142730	12802.472656
3868.269206	0.095226	0.142730	12894.460937
3868.270064	0.095211	0.142730	12976.152344
3868.271178	0.095369	0.142730	13082.392578
3868.272198	0.095266	0.142730	13179.564453
3868.273084	0.095299	0.142730	13263.999023
3868.274000	0.095361	0.142730	13351.349609
3868.275054	0.095453	0.142730	13451.957031
3868.275996	0.095262	0.142730	13541.694336
3869.271225	1.314269	0.167718	555.935669
3869.272259	1.803589	0.167718	2420.846680
3869.273161	1.762148	0.167718	4010.304687
3869.274041	1.711483	0.167718	5516.409668
3869.275029	1.656160	0.167718	7152.695312
3869.275988	1.603909	0.167718	8690.843750
3869.276922	1.556407	0.167718	10144.528320
3869.277787	1.513484	0.167718	11453.691406
3869.278831	1.061466	0.167718	12561.862305
3869.279709	0.113123	0.167718	12661.183594
3869.280584	0.095186	0.167718	12744.470703
3869.281545	0.095266	0.167718	12836.021484
3869.282515	0.095262	0.167718	12928.425781
3869.283416	0.095145	0.167718	13014.151367
3869.284296	0.095200	0.167718	13097.927734
3869.285343	0.095251	0.167718	13197.656250
3869.286246	0.095255	0.167718	13283.671875
3869.287124	0.095233	0.167718	13367.286133
3869.288004	0.095292	0.167718	13451.142578
3870.338313	1.383072	0.140829	692.919312
3870.339234	1.804677	0.140829	2355.026367
3870.340103	1.765170	0.140829	3888.958740
3870.341179	1.703683	0.140829	5722.121582
3870.342190	1.646960	0.140829	7387.198242
3870.343086	1.599587	0.140829	8820.428711
3870.344065	1.550171	0.140829	10338.045898
3870.345132	1.498356	0.140829	11936.791016
3870.346053	0.734473	0.140829	12613.240234
3870.346915	0.097625	0.140829	12697.392578
3870.348003	0.095369	0.140829	12801.153320
3870.348973	0.095193	0.140829	12893.490234
3870.349852	0.095219	0.140829	12977.187500
3870.350860	0.095281	0.140829	13073.230469
3870.351886	0.095215	0.140829	13170.920898
3870.352775	0.095244	0.140829	13255.592773
3870.353635	0.095314	0.140829	13337.562500
3870.354729	0.095325	0.140829	13441.847656
3870.355695	0.095142	0.140829	13533.754883
3871.350839	1.443325	0.169116	780.838928
3871.351887	1.800714	0.169116	2667.987305
3871.352786	1.754498	0.169116	4245.281250
3871.353731	1.700079	0.169116	5851.856445
3871.354798	1.640222	0.169116	7601.973633
3871.355748	1.590157	0.169116	9112.623047
3871.356615	1.545751	0.169116	10452.789062
3871.357674	1.494924	0.169116	12035.914062
3871.358692	0.499215	0.169116	12544.115234
3871.359583	0.095292	0.169116	12629.020508
3871.360555	0.095365	0.169116	12721.714844
3871.361586	0.095328	0.169116	12819.998047
3871.362512	0.095251	0.169116	12908.201172
3871.363370	0.095277	0.169116	12989.949219
3871.364435	0.095387	0.169116	13091.536133
3871.365433	0.095237	0.169116	13186.582031
3871.366309	0.095182	0.169116	13269.960937
3871.367319	0.095281	0.169116	13366.194336
3871.368363	0.095273	0.169116	13465.660156
3872.418319	1.382380	0.134907	698.102112
3872.419208	1.804933	0.134907	2302.687500
3872.420068	1.765653	0.134907	3821.149170
3872.421181	1.703855	0.134907	5717.540039
3872.422144	1.649839	0.134907	7306.334961
3872.423019	1.603440	0.134907	8709.344727
3872.424050	1.550281	0.134907	10307.683594
3872.425101	1.500114	0.134907	11884.302734
3872.425999	0.820210	0.134907	12620.851562
3872.426929	0.099305	0.134907	12713.206055
3872.428000	0.095347	0.134907	12815.322266
3872.428941	0.095200	0.134907	12904.905273
3872.429808	0.095314	0.134907	12987.541992
3872.430843	0.095350	0.134907	13086.229492
3872.431859	0.095251	0.134907	13183.004883
3872.432753	0.095266	0.134907	13268.172852
3872.433696	0.095369	0.134907	13358.105469
3872.434739	0.095358	0.134907	13457.563477
3872.435670	0.095321	0.134907	13546.307617
3873.429736	1.337673	0.168930	619.342712
3873.430623	1.804629	0.168930	2220.048584
3873.431568	1.767004	0.168930	3889.867676
3873.432505	1.710469	0.168930	5492.577148
3873.433436	1.658888	0.168930	7037.001953
3873.434310	1.609904	0.168930	8444.057617
3873.435335	1.559762	0.168930	10042.813477
3873.436271	1.513136	0.168930	11459.108398
3873.437156	1.246930	0.168930	12562.641602
3873.438176	0.137886	0.168930	12703.285156
3873.439089	0.095193	0.168930	12790.196289
3873.440003	0.095208	0.168930	12877.215820
3873.440860	0.095303	0.168930	12958.890625
3873.441871	0.095255	0.168930	13055.193359
3873.442765	0.095251	0.168930	13140.348633
3873.443693	0.095175	0.168930	13228.670898
3873.444558	0.095277	0.168930	13311.085937
3873.445545	0.095288	0.168930	13405.135742
3873.446455	0.095277	0.168930	13491.837891
3874.497118	1.464192	0.134802	855.088074
3874.498161	1.800366	0.134802	2732.869873
3874.499052	1.753187	0.134802	4294.959961
3874.499937	1.699691	0.134802	5799.186523
3874.501043	1.640468	0.134802	7613.543457
3874.502004	1.589703	0.134802	9141.248047
3874.502868	1.545505	0.134802	10476.564453
3874.503889	1.495756	0.134802	12003.730469
3874.504924	0.527776	0.134802	12549.978516
3874.505811	0.095449	0.134802	12634.641602
3874.506740	0.095431	0.134802	12723.296875
3874.507801	0.095328	0.134802	12824.440430
3874.508746	0.095310	0.134802	12914.508789
3874.509611	0.095292	0.134802	12996.936523
3874.510648	0.095347	0.134802	13095.810547
3874.511660	0.095332	0.134802	13192.286133
3874.512554	0.095372	0.134802	13277.548828
3874.513489	0.095383	0.134802	13366.732422
3874.514534	0.095460	0.134802	13466.488281
3875.509436	1.310314	0.166461	558.193665
3875.510466	1.802106	0.166461	2414.362549
3875.511506	1.754615	0.166461	4239.162598
3875.512402	1.702306	0.166461	5764.428711
3875.513335	1.650048	0.166461	7303.923340
3875.514403	1.593600	0.166461	9005.887695
3875.515342	1.546099	0.166461	10457.673828
3875.516215	1.503303	0.166461	11770.057617
3875.517283	0.701726	0.166461	12519.500977
3875.518302	0.095544	0.166461	12616.860352
3875.519188	0.095273	0.166461	12701.272461
3875.520161	0.095306	0.166461	12794.005859
3875.521211	0.095380	0.166461	12894.154297
3875.522132	0.095204	0.166461	12981.836914
3875.522998	0.095321	0.166461	13064.384766
3875.524068	0.095303	0.166461	13166.358398
3875.525053	0.095270	0.166461	13260.199219
3875.525936	0.095211	0.166461	13344.270508
3875.526925	0.095369	0.166461	13438.589844
3876.575433	1.335154	0.132869	583.462219
3876.576308	1.804373	0.132869	2162.288086
3876.577321	1.765031	0.132869	3950.264160
3876.578326	1.706063	0.132869	5664.857422
3876.579226	1.655215	0.132869	7154.550781
3876.580092	1.607172	0.132869	8546.361328
3876.581202	1.552855	0.132869	10270.030273
3876.582106	1.507954	0.132869	11633.220703
3876.582983	1.118793	0.132869	12614.402344
3876.584000	0.116759	0.132869	12733.146484
3876.584992	0.095229	0.132869	12827.614258
3876.585880	0.095259	0.132869	12912.204102
3876.586737	0.095200	0.132869	12993.791016
3876.587838	0.095317	0.132869	13098.735352
3876.588723	0.095237	0.132869	13183.019531
3876.589595	0.095273	0.132869	13266.097656
3876.590571	0.095409	0.132869	13359.216797
3876.591569	0.095343	0.132869	13454.369141
3876.592458	0.095251	0.132869	13539.047852
3877.588434	1.321692	0.172757	586.831177
3877.589295	1.803556	0.172757	2139.692871
3877.590342	1.762262	0.172757	3984.781250
3877.591369	1.702972	0.172757	5733.733887
3877.592266	1.652662	0.172757	7216.171875
3877.593233	1.601763	0.172757	8765.076172
3877.594294	1.547208	0.172757	10406.664062
3877.595227	1.501853	0.172757	11807.892578
3877.596105	0.905845	0.172757	12603.224609
3877.597198	0.096874	0.172757	12709.107422
3877.598195	0.095178	0.172757	12804.000000
3877.599083	0.095189	0.172757	12888.528320
3877.600067	0.095387	0.172757	12982.388672
3877.601130	0.095303	0.172757	13083.695312
3877.602030	0.095160	0.172757	13169.338867
3877.602889	0.095273	0.172757	13251.178711
3877.603991	0.095347	0.172757	13356.250977
3877.604963	0.095186	0.172757	13448.771484
3877.605824	0.095376	0.172757	13530.890625
3878.654698	1.367911	0.130847	633.342957
3878.655580	1.804698	0.130847	2225.086914
3878.656570	1.764562	0.130847	3972.002930
3878.657621	1.703156	0.130847	5762.019531
3878.658514	1.652022	0.130847	7237.274902
3878.659384	1.604176	0.130847	8632.908203
3878.660468	1.550061	0.130847	10313.174805
3878.661471	1.500736	0.130847	11818.413086
3878.662375	0.884388	0.130847	12617.900391
3878.663360	0.100562	0.130847	12716.953125
3878.664403	0.095354	0.130847	12816.407227
3878.665289	0.095273	0.130847	12900.819336
3878.666151	0.095325	0.130847	12982.989258
3878.667261	0.095402	0.130847	13088.884766
3878.668221	0.095215	0.130847	13180.291016
3878.669091	0.095244	0.130847	13263.153320
3878.670135	0.095380	0.130847	13362.729492
3878.671156	0.095277	0.130847	13460.007812
3878.672050	0.095284	0.130847	13545.192383
3879.667717	1.383164	0.168258	676.367249
3879.668605	1.804438	0.168258	2278.708496
3879.669473	1.768462	0.168258	3813.733398
3879.670546	1.706898	0.168258	5645.235352
3879.671500	1.652816	0.168258	7222.021973
3879.672378	1.605850	0.168258	8631.958008
3879.673302	1.558198	0.168258	10071.733398
3879.674361	1.507602	0.168258	11668.284180
3879.675249	1.053684	0.168258	12603.956055
3879.676116	0.113170	0.168258	12702.074219
3879.677132	0.095284	0.168258	12798.882812
3879.678102	0.095248	0.168258	12891.273437
3879.678978	0.095303	0.168258	12974.758789
3879.679841	0.095208	0.168258	13056.922852
3879.680953	0.095244	0.168258	13162.833984
3879.681854	0.095149	0.168258	13248.563477
3879.682716	0.095233	0.168258	13330.654297
3879.683793	0.095431	0.168258	13433.433594
3879.684767	0.095153	0.168258	13526.112305
3880.733369	1.307439	0.130835	550.431824
3880.734415	1.803614	0.130835	2437.012695
3880.735301	1.762775	0.130835	3998.831055
3880.736173	1.712047	0.130835	5491.736328
3880.737146	1.657650	0.130835	7104.629883
3880.738103	1.605417	0.130835	8641.014648
3880.739023	1.558579	0.130835	10074.907227
3880.739903	1.514989	0.130835	11408.097656
3880.740942	1.102570	0.130835	12553.667969
3880.741838	0.115649	0.130835	12657.290039
3880.742713	0.095164	0.130835	12740.558594
3880.743642	0.095292	0.130835	12829.084961
3880.744646	0.095189	0.130835	12924.655273
3880.745563	0.095193	0.130835	13011.947266
3880.746444	0.095171	0.130835	13095.792969
3880.747461	0.095343	0.130835	13192.756836
3880.748340	0.095277	0.130835	13276.505859
3880.749256	0.095273	0.130835	13363.776367
3880.750132	0.095266	0.130835	13447.229492
