time (s)	theta (A)	maj axis/z0	min axis/z0	crossing#mod 255
3769.283437	63.030701	1.268668	-0.023034	183
3771.362806	63.039928	1.268547	-0.023405	185
3773.443188	62.994503	1.270190	-0.023814	187
3775.522857	62.902405	1.275008	-0.025194	189
3777.602295	62.779800	1.275526	-0.025300	191
3779.681530	62.644989	1.275164	-0.026205	193
3781.758957	62.615429	1.275473	-0.026815	195
3783.836757	62.662323	1.277585	-0.027565	197
3785.914378	62.716480	1.276410	-0.028587	199
3787.993266	62.718750	1.276320	-0.029189	201
3790.072377	62.687218	1.276079	-0.030219	203
3792.152226	62.686779	1.278150	-0.030898	205
3794.230990	62.707775	1.283265	-0.031566	207
3796.311041	62.644638	1.287169	-0.032699	209
3798.389625	62.605545	1.286004	-0.033159	211
3800.468988	62.548271	1.286328	-0.033947	213
3802.547400	62.461849	1.289243	-0.034585	215
3804.626629	62.401699	1.286683	-0.035474	217
3806.705708	62.339340	1.288112	-0.035806	219
3808.784781	62.345722	1.291294	-0.036768	221
3810.864800	62.397369	1.292635	-0.037121	223
3812.944575	62.516144	1.294304	-0.037786	225
3815.024723	62.730915	1.297720	-0.038517	227
3817.104920	62.791332	1.301047	-0.039639	229
3819.183909	62.849503	1.301577	-0.040375	231
3821.262414	62.705185	1.300771	-0.041011	233
3823.340348	62.616707	1.304552	-0.042082	235
3825.418063	62.500973	1.303420	-0.043028	237
3827.496594	62.391708	1.301622	-0.043697	239
3829.574850	62.296772	1.305574	-0.044681	241
3831.653649	62.222717	1.302072	-0.045022	243
3833.732536	62.162628	1.303225	-0.045197	245
3835.811717	62.230778	1.304744	-0.045772	247
3837.891570	62.166115	1.304957	-0.046612	249
3839.970688	62.189735	1.304061	-0.047359	251
3842.050439	62.143112	1.309208	-0.048631	253
3844.129875	62.283791	1.308972	-0.049212	255
3846.209302	62.322876	1.310933	-0.049504	1
3848.288842	62.339085	1.314215	-0.050468	3
3850.368367	62.480244	1.315349	-0.051128	5
3852.448023	62.387032	1.316068	-0.051493	7
3854.528033	62.267078	1.315972	-0.052001	9
3856.607544	62.163010	1.320486	-0.052946	11
3858.686125	62.029446	1.317697	-0.052831	13
3860.764169	62.002335	1.321940	-0.053393	15
3862.841511	61.936386	1.317309	-0.053775	17
3864.919612	61.957512	1.321848	-0.055059	19
3866.997792	61.921879	1.318331	-0.055832	21
3869.076691	61.830990	1.319762	-0.056753	23
3871.155990	61.808552	1.323131	-0.057714	25
3873.235321	61.719913	1.318291	-0.058263	27
3875.314321	61.630409	1.322058	-0.059030	29
3877.393434	61.640213	1.319019	-0.059550	31
3879.472594	61.580215	1.322759	-0.060356	33
3881.551511	61.571934	1.321540	-0.060821	35
3883.630348	61.553375	1.327534	-0.061158	37
3885.709322	61.520813	1.324729	-0.061839	39
3887.788422	61.570255	1.321414	-0.062277	41
3889.867840	61.690132	1.320250	-0.063027	43
3891.947146	61.817684	1.321458	-0.064028	45
3894.026284	61.869690	1.317279	-0.064845	47
3896.105419	62.010193	1.319539	-0.065893	49
3898.183997	61.958477	1.319008	-0.067079	51
3900.262147	61.889153	1.318162	-0.067743	53
3902.340065	61.761368	1.315556	-0.068638	55
3904.417905	61.628998	1.316330	-0.069824	57
3906.495771	61.504391	1.311800	-0.070226	59
3908.573962	61.428249	1.311967	-0.070736	61
3910.652263	61.313847	1.307163	-0.071216	63
3912.730915	61.304077	1.306521	-0.072300	65
3914.809396	61.263618	1.303732	-0.073171	67
3916.888387	61.231640	1.301649	-0.073753	69
3918.967347	61.268578	1.303067	-0.074996	71
3921.046271	61.295650	1.297228	-0.075062	73
3923.125222	61.312683	1.296942	-0.075752	75
3925.204558	61.379818	1.296865	-0.076797	77
3927.283586	61.419418	1.295017	-0.077202	79
3929.362492	61.332783	1.292127	-0.077693	81
3931.441402	61.295319	1.292074	-0.078180	83
3933.520052	61.221893	1.289277	-0.078725	85
3935.598212	61.027733	1.286617	-0.079260	87
3937.676062	60.937920	1.286108	-0.079671	89
3939.753852	60.848232	1.285201	-0.080536	91
3941.831573	60.751125	1.281754	-0.081028	93
3943.909448	60.697701	1.282031	-0.082172	95
3945.987612	60.637775	1.280203	-0.083099	97
3948.065903	60.552860	1.276304	-0.083695	99
3950.144351	60.501755	1.274379	-0.084387	101
3952.222770	60.452831	1.272877	-0.085220	103
3954.301432	60.367577	1.270746	-0.085754	105
3956.380267	60.359112	1.271523	-0.086716	107
3958.459007	60.319519	1.268625	-0.087219	109
3960.537926	60.325474	1.270350	-0.088208	111
3962.617198	60.411362	1.265187	-0.088325	113
3964.696399	60.454990	1.265931	-0.089190	115
3966.775708	60.559364	1.262546	-0.089595	117
3968.855032	60.639832	1.264335	-0.090932	119
3970.934094	60.725910	1.259849	-0.091561	121
3973.012825	60.738060	1.260870	-0.092762	123
3975.091454	60.643730	1.273210	-0.100000	125
3977.169585	60.545357	1.272798	-0.100000	127
3979.247716	60.384697	1.269089	-0.100000	129
3981.325658	60.263931	1.268254	-0.100000	131
3983.403718	60.128994	1.264100	-0.100000	133
3985.481914	60.031540	1.263717	-0.100000	135
3987.560201	59.937290	1.259428	-0.100000	137
3989.638295	59.881126	1.259387	-0.100000	139
3991.716975	59.890057	1.241604	-0.100000	141
3993.795767	60.003696	1.242450	-0.100000	143
3995.874364	60.018082	1.243369	-0.100000	145
3997.953410	60.070557	1.242156	-0.100000	147
4000.032664	60.005604	1.240701	-0.100000	149
4002.111400	60.056652	1.239260	-0.100000	151
4004.190331	60.052929	1.237481	-0.100000	153
4006.269187	60.023163	1.235593	-0.100000	155
4008.347707	59.893211	1.234633	-0.100000	157
4010.425920	59.777378	1.232561	-0.100000	159
4012.503995	59.681496	1.231220	-0.100000	161
4014.581835	59.566299	1.229236	-0.100000	163
4016.659522	59.409634	1.225744	-0.100000	165
4018.737438	59.307617	1.223804	-0.100000	167
4020.815441	59.214294	1.222703	-0.100000	169
4022.893563	59.071823	1.220155	-0.100000	171
4024.971975	59.054459	1.217861	-0.100000	173
4027.050539	59.009251	1.218505	-0.100000	175
4029.129093	58.936531	1.215979	-0.100000	177
4031.207510	58.937988	1.216997	-0.100000	179
4033.286249	58.859962	1.214654	-0.100000	181
4035.365308	58.899792	1.214779	-0.100000	183
4037.444248	58.925034	1.212876	-0.100000	185
4039.523282	58.968006	1.209699	-0.100000	187
4041.602425	59.123348	1.209198	-0.100000	189
