time (s)	theta (A)	maj axis/z0	min axis/z0	crossing#mod 255
3110.190396	61.170605	1.101150	-0.004161	63
3112.269839	61.154022	1.102099	-0.004889	65
3114.348000	61.224388	1.101226	-0.005559	67
3116.428990	61.218601	1.105750	-0.006405	69
3118.508719	61.222698	1.105370	-0.007094	71
3120.590661	61.168667	1.106178	-0.007514	73
3122.670364	61.054081	1.108826	-0.008562	75
3124.749520	60.964622	1.109661	-0.008675	77
3126.827607	60.905602	1.109685	-0.009612	79
3128.905675	60.861763	1.111119	-0.010409	81
3130.983198	60.923740	1.109359	-0.011061	83
3133.061496	60.985760	1.111895	-0.011777	85
3135.139971	60.992455	1.110336	-0.012713	87
3137.218330	61.037186	1.109587	-0.013472	89
3139.297282	61.017181	1.113520	-0.014669	91
3141.375858	61.026943	1.112753	-0.015086	93
3143.455073	60.952991	1.112764	-0.016245	95
3145.533799	60.924309	1.112944	-0.016387	97
3147.612378	60.873634	1.113158	-0.017677	99
3149.691594	60.868420	1.114951	-0.018198	101
3151.770080	60.807766	1.115775	-0.018829	103
3153.849632	60.753189	1.114360	-0.019373	105
3155.928831	60.742474	1.115640	-0.019932	107
3158.008895	60.754337	1.116300	-0.020696	109
3160.089640	60.839737	1.118197	-0.021147	111
3162.169909	60.940292	1.118448	-0.022131	113
3164.250642	60.995510	1.121475	-0.022917	115
3166.329644	61.042118	1.123153	-0.023687	117
3168.408089	61.033405	1.123079	-0.024814	119
3170.486633	60.935673	1.122541	-0.025401	121
3172.564273	60.874901	1.122502	-0.026261	123
3174.642410	60.765572	1.121409	-0.026882	125
3176.720772	60.699696	1.120705	-0.027451	127
3178.798910	60.623463	1.121030	-0.028206	129
3180.877809	60.594494	1.122823	-0.029123	131
3182.956222	60.593822	1.123705	-0.029820	133
3185.035253	60.607197	1.124900	-0.030488	135
3187.113784	60.598907	1.124193	-0.031164	137
3189.192915	60.639503	1.125110	-0.031751	139
3191.271920	60.730324	1.131522	-0.032499	141
3193.351889	60.750252	1.126480	-0.033419	143
3195.432082	60.687424	1.129946	-0.034002	145
3197.512531	60.667576	1.130115	-0.034448	147
3199.592085	60.625648	1.129706	-0.034962	149
3201.671089	60.606194	1.130875	-0.035448	151
3203.749500	60.563232	1.130978	-0.035923	153
3205.827847	60.442905	1.131690	-0.036234	155
3207.905771	60.372589	1.130381	-0.036926	157
3209.984490	60.330051	1.130452	-0.037608	159
3212.062974	60.295265	1.128834	-0.038570	161
3214.141163	60.272884	1.129620	-0.039114	163
3216.219546	60.268856	1.129137	-0.039876	165
3218.297943	60.282753	1.128641	-0.040494	167
3220.376083	60.297367	1.127910	-0.041070	169
3222.454791	60.271378	1.128871	-0.041870	171
3224.533575	60.193352	1.129347	-0.042952	173
3226.612220	60.145996	1.131711	-0.043236	175
3228.690931	60.066261	1.130829	-0.043551	177
3230.769953	60.099861	1.128644	-0.044645	179
3232.849136	60.097744	1.127653	-0.044820	181
3234.928241	60.148560	1.125446	-0.045535	183
3237.007922	60.204102	1.124573	-0.046286	185
3239.087369	60.276775	1.123854	-0.047089	187
3241.166626	60.343159	1.122853	-0.047794	189
3243.245630	60.402420	1.122229	-0.048781	191
3245.323914	60.431969	1.121096	-0.049530	193
3247.401947	60.380283	1.119128	-0.050506	195
3249.479461	60.201447	1.118283	-0.051253	197
3251.556284	60.127735	1.116959	-0.051895	199
3253.633842	60.000526	1.115757	-0.052604	201
3255.711746	59.926613	1.115222	-0.053436	203
3257.790280	59.953358	1.112728	-0.054487	205
3259.868200	59.860062	1.111626	-0.054698	207
3261.946408	59.834930	1.109334	-0.055329	209
3264.025056	59.858166	1.109072	-0.056031	211
3266.103979	59.865509	1.106670	-0.056750	213
3268.182133	59.854752	1.105761	-0.057163	215
3270.261151	59.861855	1.104403	-0.057876	217
3272.340632	59.875702	1.104149	-0.058499	219
3274.419581	59.896488	1.102177	-0.058548	221
3276.498847	59.811768	1.100440	-0.059158	223
3278.577234	59.843204	1.098847	-0.059972	225
3280.655235	59.750259	1.096595	-0.059878	227
3282.733012	59.650524	1.095308	-0.060230	229
3284.810537	59.567364	1.093720	-0.060809	231
3286.888071	59.465939	1.093142	-0.061814	233
3288.965898	59.424606	1.091651	-0.062512	235
3291.043521	59.346859	1.089807	-0.063215	237
3293.121856	59.354603	1.086424	-0.063972	239
3295.199939	59.284103	1.084837	-0.064595	241
3297.277664	59.262787	1.083105	-0.065426	243
3299.356358	59.257252	1.081999	-0.066021	245
3301.434589	59.220211	1.081739	-0.066686	247
3303.512864	59.178242	1.081007	-0.066920	249
3305.591612	59.158028	1.080474	-0.067825	251
3307.670343	59.155613	1.078284	-0.068343	253
3309.749689	59.240036	1.076690	-0.068885	255
3311.828829	59.283894	1.077173	-0.069726	1
3313.908007	59.352699	1.075300	-0.070311	3
3315.987192	59.412319	1.072829	-0.070906	5
3318.065791	59.467625	1.071124	-0.071655	7
3320.144790	59.529190	1.070663	-0.072254	9
3322.223286	59.554794	1.069359	-0.073095	11
3324.301116	59.476219	1.068400	-0.074106	13
3326.379047	59.409546	1.066608	-0.074769	15
3328.456693	59.308105	1.065071	-0.075420	17
3330.534554	59.208019	1.064181	-0.076194	19
3332.612547	59.138668	1.063620	-0.077184	21
3334.690675	59.081249	1.061909	-0.077656	23
3336.768557	59.034615	1.061063	-0.078249	25
3338.847016	59.035149	1.059955	-0.078697	27
3340.925534	58.996506	1.058202	-0.079257	29
3343.004061	58.976624	1.056276	-0.079809	31
3345.082928	59.003662	1.054656	-0.080373	33
3347.161244	58.950436	1.053926	-0.080861	35
3349.240528	59.049755	1.053240	-0.081370	37
3351.319609	59.022987	1.053096	-0.082102	39
3353.398286	59.014690	1.052685	-0.082515	41
3355.476352	58.938347	1.050941	-0.082689	43
