time (s)	coil I (A)	last det (V)	int current (uC)
3111.514831	1.342771	0.085891	593.504761
3111.515708	1.805775	0.085891	2177.169434
3111.516722	1.766030	0.085891	3967.924072
3111.517779	1.705115	0.085891	5770.230469
3111.518680	1.653640	0.085891	7260.160156
3111.519559	1.604476	0.085891	8670.495117
3111.520655	1.550270	0.085891	10369.590820
3111.521626	1.502886	0.085891	11828.892578
3111.522494	1.462749	0.085891	13098.558594
3111.523530	1.416720	0.085891	14566.280273
3111.524572	0.778989	0.085891	15377.987305
3111.525460	0.098364	0.085891	15465.334961
3111.526399	0.095365	0.085891	15554.882812
3111.527460	0.095321	0.085891	15656.018555
3111.528394	0.095215	0.085891	15744.949219
3111.529251	0.095270	0.085891	15826.595703
3111.530283	0.095310	0.085891	15924.956055
3111.531303	0.095376	0.085891	16022.239258
3111.532197	0.095189	0.085891	16107.338867
3111.533152	0.095321	0.085891	16198.370117
3111.534208	0.095310	0.085891	16299.017578
3112.519104	1.307285	0.111563	556.903503
3112.520149	1.803091	0.111563	2441.133301
3112.521189	1.755341	0.111563	4266.687500
3112.522080	1.703090	0.111563	5784.140625
3112.523066	1.649451	0.111563	7410.499023
3112.524118	1.592622	0.111563	9085.937500
3112.525050	1.545048	0.111563	10525.921875
3112.525912	1.502347	0.111563	11820.945312
3112.526961	1.453682	0.111563	13345.857422
3112.527977	1.408619	0.111563	14777.014648
3112.528879	0.749077	0.111563	15452.682617
3112.529873	0.098042	0.111563	15550.136719
3112.530925	0.095255	0.111563	15650.344727
3112.531830	0.095262	0.111563	15736.557617
3112.532691	0.095229	0.111563	15818.549805
3112.533770	0.095376	0.111563	15921.460937
3112.534744	0.095204	0.111563	16014.189453
3112.535628	0.095164	0.111563	16098.314453
3112.536615	0.095475	0.111563	16192.547852
3112.537662	0.095211	0.111563	16292.234375
3112.538561	0.095208	0.111563	16377.826172
3113.592510	1.319605	0.086523	562.151550
3113.593590	1.803556	0.086523	2509.991943
3113.594581	1.755480	0.086523	4249.672363
3113.595477	1.703972	0.086523	5776.431641
3113.596477	1.648235	0.086523	7424.666504
3113.597515	1.593149	0.086523	9078.355469
3113.598422	1.546677	0.086523	10481.191406
3113.599287	1.502743	0.086523	11781.064453
3113.600385	1.453619	0.086523	13377.138672
3113.601361	1.410674	0.086523	14753.956055
3113.602228	0.836140	0.086523	15478.889648
3113.603309	0.096804	0.086523	15583.535156
3113.604342	0.095284	0.086523	15681.963867
3113.605222	0.095160	0.086523	15765.705078
3113.606140	0.095288	0.086523	15853.179687
3113.607198	0.095292	0.086523	15953.998047
3113.608149	0.095142	0.086523	16044.477539
3113.609016	0.095193	0.086523	16127.009766
3113.610035	0.095446	0.086523	16224.268555
3113.611069	0.095123	0.086523	16322.625977
3113.611962	0.095219	0.086523	16407.656250
3114.597150	1.403013	0.115245	715.536499
3114.598082	1.805592	0.115245	2398.348145
3114.598945	1.765957	0.115245	3922.369141
3114.600015	1.704492	0.115245	5746.175781
3114.601042	1.647264	0.115245	7437.916016
3114.601921	1.599957	0.115245	8844.278320
3114.602909	1.550925	0.115245	10376.592773
3114.603969	1.498993	0.115245	11965.525391
3114.604886	1.455410	0.115245	13300.136719
3114.605752	1.416233	0.115245	14526.594727
3114.606807	0.775408	0.115245	15344.650391
3114.607805	0.096167	0.115245	15440.625000
3114.608691	0.095200	0.115245	15524.972656
3114.609667	0.095299	0.115245	15617.984375
3114.610731	0.095328	0.115245	15719.414062
3114.611640	0.095156	0.115245	15805.911133
3114.612502	0.095197	0.115245	15887.970703
3114.613605	0.095251	0.115245	15993.033203
3114.614583	0.095248	0.115245	16086.185547
3114.615449	0.095182	0.115245	16168.613281
3114.616552	0.095284	0.115245	16273.711914
3115.672553	1.336348	0.074970	629.419739
3115.673633	1.802501	0.074970	2576.121094
3115.674601	1.754714	0.074970	4274.684570
3115.675467	1.703661	0.074970	5750.054687
3115.676526	1.644851	0.074970	7491.952148
3115.677541	1.591223	0.074970	9107.043945
3115.678444	1.545835	0.074970	10502.932617
3115.679399	1.500425	0.074970	11935.837891
3115.680453	1.450587	0.074970	13464.756836
3115.681386	1.409205	0.074970	14779.544922
3115.682258	0.779473	0.074970	15459.245117
3115.683319	0.096339	0.074970	15561.460937
3115.684321	0.095229	0.074970	15656.880859
3115.685196	0.095361	0.074970	15740.322266
3115.686170	0.095449	0.074970	15833.290039
3115.687217	0.095380	0.074970	15933.152344
3115.688113	0.095273	0.074970	16018.517578
3115.688982	0.095336	0.074970	16101.364258
3115.690050	0.095336	0.074970	16203.182617
3115.691042	0.095270	0.074970	16297.690430
3115.691939	0.095229	0.074970	16383.111328
3116.678841	1.314423	0.097343	558.629639
3116.679917	1.803160	0.097343	2498.830078
3116.680917	1.755725	0.097343	4254.555176
3116.681800	1.704185	0.097343	5759.350098
3116.682787	1.649037	0.097343	7386.949219
3116.683860	1.593186	0.097343	9096.437500
3116.684756	1.546084	0.097343	10481.728516
3116.685630	1.502029	0.097343	11794.501953
3116.686741	1.452133	0.097343	13407.821289
3116.687722	1.409022	0.097343	14790.072266
3116.688600	0.781110	0.097343	15475.886719
3116.689641	0.096694	0.097343	15576.545898
3116.690698	0.095233	0.097343	15677.207031
3116.691593	0.095248	0.097343	15762.454102
3116.692522	0.095391	0.097343	15851.072266
3116.693586	0.095303	0.097343	15952.474609
3116.694527	0.095288	0.097343	16042.140625
3116.695395	0.095299	0.097343	16124.860352
3116.696448	0.095402	0.097343	16225.318359
3116.697459	0.095317	0.097343	16321.684570
3116.698352	0.095358	0.097343	16406.839844
3117.749561	1.440000	0.085883	784.799988
3117.750596	1.802618	0.085883	2650.510010
3117.751495	1.756362	0.085883	4229.479492
3117.752439	1.702083	0.085883	5836.245117
3117.753505	1.642328	0.085883	7586.966797
3117.754451	1.592516	0.085883	9093.486328
3117.755320	1.547585	0.085883	10438.337891
3117.756403	1.495631	0.085883	12058.106445
3117.757410	1.448928	0.085883	13517.176758
3117.758305	1.409707	0.085883	14778.864258
3117.759291	0.679222	0.085883	15448.577148
3117.760328	0.095610	0.085883	15547.724609
3117.761238	0.095171	0.085883	15634.330078
3117.762093	0.095259	0.085883	15715.776367
3117.763160	0.095332	0.085883	15817.496094
3117.764160	0.095273	0.085883	15912.769531
3117.765027	0.095270	0.085883	15995.368164
3117.766008	0.095350	0.085883	16088.907227
3117.767072	0.095369	0.085883	16190.379883
3117.767966	0.095325	0.085883	16275.600586
3117.768832	0.095424	0.085883	16358.237305
3118.759220	1.402987	0.108514	764.627930
3118.760284	1.801512	0.108514	2681.437256
3118.761201	1.753927	0.108514	4289.788086
3118.762069	1.701339	0.108514	5766.550293
3118.763187	1.641420	0.108514	7601.657227
3118.764160	1.589897	0.108514	9148.626953
3118.765033	1.545839	0.108514	10498.144531
3118.766117	1.493474	0.108514	12117.070312
3118.767145	1.446541	0.108514	13604.114258
3118.768036	1.406382	0.108514	14857.200195
3118.768958	0.663809	0.108514	15469.231445
3118.770025	0.095453	0.108514	15571.080078
3118.770970	0.095222	0.108514	15661.065430
3118.771833	0.095317	0.108514	15743.324219
3118.772872	0.095468	0.108514	15842.514648
3118.773898	0.095314	0.108514	15940.306641
3118.774777	0.095211	0.108514	16023.997070
3118.775715	0.095277	0.108514	16113.367187
3118.776783	0.095273	0.108514	16215.119141
3118.777714	0.095262	0.108514	16303.808594
3118.778582	0.095281	0.108514	16386.511719
3119.826006	1.465803	0.076835	847.234192
3119.827051	1.801421	0.076835	2729.718994
3119.827941	1.754784	0.076835	4291.476562
3119.828878	1.700526	0.076835	5884.869629
3119.829939	1.641269	0.076835	7626.256348
3119.830881	1.591575	0.076835	9125.519531
3119.831747	1.547432	0.076835	10465.595703
3119.832811	1.496228	0.076835	12057.582031
3119.833841	1.448606	0.076835	13549.646484
3119.834718	1.409886	0.076835	14786.117187
3119.835683	0.686294	0.076835	15448.390625
3119.836753	0.095548	0.076835	15550.626953
3119.837663	0.095149	0.076835	15637.212891
3119.838531	0.095343	0.076835	15719.970703
3119.839585	0.095186	0.076835	15820.295898
3119.840590	0.095281	0.076835	15916.052734
3119.841481	0.095240	0.076835	16000.912109
3119.842453	0.095332	0.076835	16093.575195
3119.843513	0.095292	0.076835	16194.583984
3119.844422	0.095167	0.076835	16281.090820
3119.845285	0.095299	0.076835	16363.333984
3120.841656	1.304454	0.089125	547.870789
3120.842717	1.803259	0.089125	2461.128906
3120.843741	1.755319	0.089125	4258.575195
3120.844622	1.704042	0.089125	5759.835937
3120.845603	1.650157	0.089125	7378.640625
3120.846644	1.594123	0.089125	9038.123047
3120.847573	1.547413	0.089125	10475.669922
3120.848433	1.503691	0.089125	11768.844727
3120.849519	1.454392	0.089125	13348.314453
3120.850519	1.409974	0.089125	14758.289062
3120.851399	0.805957	0.089125	15467.531250
3120.852382	0.099038	0.089125	15564.885742
3120.853429	0.095332	0.089125	15664.698242
3120.854329	0.095431	0.089125	15750.585937
3120.855195	0.095376	0.089125	15833.181641
3120.856286	0.095515	0.089125	15937.388672
3120.857255	0.095273	0.089125	16029.708984
3120.858133	0.095248	0.089125	16113.336914
3120.859138	0.095266	0.089125	16209.079102
3120.860199	0.095255	0.089125	16310.144531
3120.861090	0.095277	0.089125	16395.037109
3121.904313	1.299880	0.086986	545.949768
3121.905200	1.802666	0.086986	2144.914551
3121.906292	1.761053	0.086986	4067.984863
3121.907257	1.705118	0.086986	5713.424316
3121.908129	1.655797	0.086986	7157.279297
3121.909154	1.601243	0.086986	8798.552734
3121.910202	1.548490	0.086986	10421.370117
3121.911098	1.504651	0.086986	11769.537109
3121.912010	1.461581	0.086986	13102.499023
3121.913080	1.414135	0.086986	14615.623047
3121.914042	0.828080	0.086986	15412.236328
3121.914904	0.100554	0.086986	15498.914062
3121.915972	0.095358	0.086986	15600.755859
3121.916977	0.095288	0.086986	15696.520508
3121.917865	0.095339	0.086986	15781.181641
3121.918825	0.095277	0.086986	15872.647461
3121.919880	0.095350	0.086986	15973.242187
3121.920797	0.095251	0.086986	16060.587891
3121.921653	0.095365	0.086986	16142.220703
3121.922727	0.095420	0.086986	16244.702148
3121.923719	0.095284	0.086986	16339.224609
3122.922010	1.366223	0.097134	709.069763
3122.923063	1.801824	0.097134	2606.390137
3122.924004	1.754572	0.097134	4257.441895
3122.924873	1.702456	0.097134	5736.875977
3122.925970	1.642760	0.097134	7538.983887
3122.926968	1.589821	0.097134	9125.625000
3122.927862	1.544740	0.097134	10506.623047
3122.928850	1.497323	0.097134	11985.978516
3122.929913	1.448438	0.097134	13525.667969
3122.930828	1.407675	0.097134	14813.690430
3122.931694	0.727720	0.097134	15443.895508
3122.932779	0.095925	0.097134	15547.974609
3122.933742	0.095262	0.097134	15639.711914
3122.934600	0.095281	0.097134	15721.462891
3122.935702	0.095391	0.097134	15826.583008
3122.936737	0.095284	0.097134	15925.202148
3122.937629	0.095350	0.097134	16010.254883
3122.938560	0.095295	0.097134	16098.974609
3122.939629	0.095299	0.097134	16200.849609
3122.940567	0.095171	0.097134	16290.120117
3122.941425	0.095310	0.097134	16371.896484
3123.980510	1.334000	0.092747	597.632080
3123.981383	1.805303	0.092747	2173.661377
3123.982259	1.772765	0.092747	3726.603516
3123.983215	1.718533	0.092747	5369.520508
3123.984155	1.663773	0.092747	6933.467285
3123.985046	1.615880	0.092747	8373.216797
3123.985934	1.568126	0.092747	9765.712891
3123.986965	1.518424	0.092747	11331.208008
3123.987885	1.474625	0.092747	12687.863281
3123.988775	1.435137	0.092747	13965.134766
3123.989791	1.312643	0.092747	15298.780273
3123.990700	0.201925	0.092747	15482.330078
3123.991623	0.095153	0.092747	15570.156250
3123.992483	0.095365	0.092747	15652.169922
3123.993543	0.095383	0.092747	15753.276367
3123.994422	0.095273	0.092747	15837.021484
3123.995298	0.095270	0.092747	15920.477539
3123.996271	0.095306	0.092747	16013.210937
3123.997205	0.095299	0.092747	16102.220703
3123.998129	0.095310	0.092747	16190.287109
3123.998995	0.095332	0.092747	16272.844727
3125.001155	1.313441	0.105980	563.466248
3125.002153	1.802842	0.105980	2362.702393
3125.003216	1.756747	0.105980	4230.124023
3125.004094	1.704562	0.105980	5726.729492
3125.005041	1.651842	0.105980	7291.023926
3125.006112	1.594358	0.105980	8998.581055
3125.007059	1.546688	0.105980	10463.294922
3125.007928	1.503633	0.105980	11769.952148
3125.008980	1.454912	0.105980	13300.519531
3125.010008	1.409718	0.105980	14749.709961
3125.010909	0.777136	0.105980	15449.910156
3125.011876	0.099045	0.105980	15545.687500
3125.012933	0.095321	0.105980	15646.441406
3125.013855	0.095306	0.105980	15734.313477
3125.014717	0.095292	0.105980	15816.455078
3125.015801	0.095394	0.105980	15919.862305
3125.016787	0.095317	0.105980	16013.845703
3125.017681	0.095186	0.105980	16098.941406
3125.018668	0.095354	0.105980	16193.055664
3125.019726	0.095361	0.105980	16293.948242
3125.020616	0.095277	0.105980	16378.745117
3126.059997	1.362495	0.087917	619.935242
3126.060882	1.805449	0.087917	2217.757812
3126.061764	1.771121	0.087917	3779.886230
3126.062766	1.714017	0.087917	5497.331543
3126.063713	1.658727	0.087917	7068.145996
3126.064651	1.609383	0.087917	8577.748047
3126.065518	1.563285	0.087917	9933.116211
3126.066576	1.512491	0.087917	11533.332031
3126.067458	1.470813	0.087917	12830.588867
3126.068337	1.431357	0.087917	14088.751953
3126.069328	1.232117	0.087917	15309.779297
3126.070258	0.160239	0.087917	15458.801758
3126.071177	0.095284	0.087917	15546.368164
3126.072051	0.095336	0.087917	15629.691406
3126.073060	0.095328	0.087917	15725.877930
3126.073957	0.095295	0.087917	15811.358398
3126.074830	0.095310	0.087917	15894.564453
3126.075741	0.095358	0.087917	15981.435547
3126.076748	0.095325	0.087917	16077.427734
3126.077673	0.095211	0.087917	16165.498047
3126.078535	0.095277	0.087917	16247.626953
3127.079674	1.369783	0.095575	668.453979
3127.080560	1.805900	0.095575	2268.481201
3127.081483	1.766909	0.095575	3899.338379
3127.082553	1.704778	0.095575	5723.450684
3127.083512	1.651403	0.095575	7307.145508
3127.084378	1.603989	0.095575	8696.200195
3127.085454	1.550273	0.095575	10364.294922
3127.086457	1.500516	0.095575	11869.312500
3127.087349	1.459303	0.095575	13171.010742
3127.088322	1.416940	0.095575	14549.693359
3127.089370	0.776191	0.095575	15363.141602
3127.090295	0.097830	0.095575	15453.633789
3127.091156	0.095251	0.095575	15535.645508
3127.092223	0.095328	0.095575	15637.361328
3127.093221	0.095295	0.095575	15732.465820
3127.094092	0.095182	0.095575	15815.369141
3127.095062	0.095328	0.095575	15907.837891
3127.096107	0.095295	0.095575	16007.421875
3127.097011	0.095248	0.095575	16093.526367
3127.097875	0.095233	0.095575	16175.807617
3127.098958	0.095361	0.095575	16279.083984
3128.139973	1.311676	0.087180	567.955688
3128.140851	1.805050	0.087180	2152.789551
3128.141767	1.770132	0.087180	3774.230469
3128.142849	1.708894	0.087180	5623.253906
3128.143744	1.657709	0.087180	7106.903320
3128.144613	1.611020	0.087180	8506.879883
3128.145667	1.557286	0.087180	10148.259766
3128.146645	1.508723	0.087180	11623.791016
3128.147528	1.467198	0.087180	12919.327148
3128.148446	1.425846	0.087180	14228.253906
3128.149527	1.048517	0.087180	15361.700195
3128.150412	0.117023	0.087180	15465.265625
3128.151269	0.095229	0.087180	15546.876953
3128.152321	0.095446	0.087180	15647.286133
3128.153283	0.095233	0.087180	15738.900391
3128.154141	0.095303	0.087180	15820.669922
3128.155161	0.095460	0.087180	15918.039062
3128.156198	0.095259	0.087180	16016.822266
3128.157086	0.095306	0.087180	16101.454102
3128.158014	0.095251	0.087180	16189.847656
3128.159071	0.095262	0.087180	16290.540039
3129.156812	1.325643	0.099676	584.608704
3129.157674	1.803219	0.099676	2138.983398
3129.158758	1.760885	0.099676	4047.782715
3129.159758	1.702500	0.099676	5750.282715
3129.160660	1.652699	0.099676	7241.017090
3129.161641	1.600748	0.099676	8811.351562
3129.162696	1.547750	0.099676	10444.228516
3129.163595	1.502684	0.099676	11795.141602
3129.164488	1.460182	0.099676	13099.083984
3129.165593	1.412395	0.099676	14659.780273
3129.166565	0.765762	0.099676	15404.100586
3129.167434	0.098423	0.099676	15489.629883
3129.168462	0.095369	0.099676	15587.668945
3129.169489	0.095200	0.099676	15685.439453
3129.170385	0.095200	0.099676	15770.739258
3129.171323	0.095372	0.099676	15860.198242
3129.172366	0.095317	0.099676	15959.614258
3129.173306	0.095251	0.099676	16049.150391
3129.174172	0.095321	0.099676	16131.698242
3129.175216	0.095255	0.099676	16231.144531
3129.176227	0.095248	0.099676	16327.440430
3130.221621	1.435972	0.079514	772.552795
3130.222663	1.802080	0.079514	2650.320312
3130.223557	1.756300	0.079514	4220.452637
3130.224477	1.702610	0.079514	5786.853516
3130.225570	1.642108	0.079514	7581.677734
3130.226522	1.591696	0.079514	9096.971680
3130.227389	1.547468	0.079514	10438.626953
3130.228453	1.496067	0.079514	12030.442383
3130.229465	1.449342	0.079514	13497.176758
3130.230351	1.409956	0.079514	14746.397461
3130.231340	0.694365	0.079514	15433.125000
3130.232377	0.095665	0.079514	15532.330078
3130.233297	0.095142	0.079514	15619.860352
3130.234156	0.095325	0.079514	15701.744141
3130.235218	0.095365	0.079514	15803.021484
3130.236222	0.095142	0.079514	15898.543945
3130.237099	0.095215	0.079514	15982.046875
3130.238066	0.095343	0.079514	16074.243164
3130.239116	0.095204	0.079514	16174.207031
3130.240023	0.095200	0.079514	16260.553711
3130.240889	0.095204	0.079514	16343.000000
3131.233472	1.309823	0.094797	561.914062
3131.234336	1.803992	0.094797	2120.562988
3131.235388	1.763793	0.094797	3976.072754
3131.236346	1.708542	0.094797	5612.856445
3131.237230	1.658320	0.094797	7078.811523
3131.238151	1.609006	0.094797	8560.706055
3131.239209	1.556005	0.094797	10206.958984
3131.240096	1.512004	0.094797	11548.106445
3131.240961	1.470754	0.094797	12820.308594
3131.242014	1.423722	0.094797	14319.488281
3131.242983	1.111465	0.094797	15396.498047
3131.243864	0.126482	0.094797	15507.928711
3131.244753	0.095193	0.094797	15592.554687
3131.245847	0.095281	0.094797	15696.791992
3131.246741	0.095164	0.094797	15781.868164
3131.247603	0.095197	0.094797	15863.927734
3131.248615	0.095281	0.094797	15960.351562
3131.249592	0.095208	0.094797	16053.369141
3131.250466	0.095167	0.094797	16136.544922
3131.251323	0.095219	0.094797	16218.147461
3131.252449	0.095219	0.094797	16325.363281
3132.303801	1.303429	0.077741	551.350464
3132.304810	1.803171	0.077741	2370.750488
3132.305849	1.756820	0.077741	4196.086426
3132.306749	1.704375	0.077741	5730.023926
3132.307703	1.651534	0.077741	7305.587891
3132.308766	1.594471	0.077741	9000.510742
3132.309707	1.546322	0.077741	10455.599609
3132.310575	1.503527	0.077741	11760.660156
3132.311647	1.454290	0.077741	13319.658203
3132.312658	1.409828	0.077741	14744.994141
3132.313557	0.783157	0.077741	15449.051758
3132.314531	0.098932	0.077741	15545.411133
3132.315571	0.095259	0.077741	15644.480469
3132.316479	0.095160	0.077741	15730.885742
3132.317341	0.095270	0.077741	15813.007812
3132.318420	0.095299	0.077741	15915.835937
3132.319421	0.095244	0.077741	16011.175781
3132.320304	0.095197	0.077741	16095.234375
3132.321298	0.095325	0.077741	16189.987305
3132.322331	0.095186	0.077741	16288.314453
3132.323238	0.095145	0.077741	16374.611328
3133.311027	1.379985	0.092936	752.091980
3133.312072	1.801252	0.092936	2634.400879
3133.313002	1.754117	0.092936	4265.729980
3133.313869	1.701789	0.092936	5741.181641
3133.314962	1.642789	0.092936	7536.750000
3133.315961	1.589755	0.092936	9124.915039
3133.316842	1.545007	0.092936	10486.066406
3133.317831	1.497056	0.092936	11966.654297
3133.318903	1.448529	0.092936	13519.477539
3133.319796	1.408048	0.092936	14776.864258
3133.320673	0.728188	0.092936	15415.485352
3133.321787	0.095643	0.092936	15522.032227
3133.322762	0.095237	0.092936	15614.887695
3133.323632	0.095332	0.092936	15697.826172
3133.324672	0.095398	0.092936	15797.040039
3133.325715	0.095178	0.092936	15896.310547
3133.326613	0.095229	0.092936	15981.826172
3133.327549	0.095281	0.092936	16071.008789
3133.328607	0.095281	0.092936	16171.815430
3133.329551	0.095251	0.092936	16261.732422
3133.330414	0.095317	0.092936	16343.991211
3134.382541	1.342236	0.083550	594.610718
3134.383429	1.805230	0.083550	2197.654541
3134.384293	1.769901	0.083550	3726.849121
3134.385407	1.708502	0.083550	5630.120605
3134.386307	1.656980	0.083550	7121.402344
3134.387182	1.610035	0.083550	8530.183594
3134.388183	1.559484	0.083550	10091.226562
3134.389174	1.510140	0.083550	11587.775391
3134.390060	1.468088	0.083550	12888.501953
3134.390930	1.428127	0.083550	14130.972656
3134.392013	1.097538	0.083550	15319.606445
3134.392926	0.123633	0.083550	15432.483398
3134.393811	0.095171	0.083550	15516.709961
3134.394788	0.095380	0.083550	15609.895508
3134.395787	0.095332	0.083550	15705.131836
3134.396672	0.095299	0.083550	15789.471680
3134.397534	0.095314	0.083550	15871.631836
3134.398622	0.095321	0.083550	15975.340820
3134.399539	0.095288	0.083550	16062.719727
3134.400412	0.095372	0.083550	16145.979492
3134.401402	0.095303	0.083550	16240.329102
3135.389886	1.305491	0.095772	554.833557
3135.390871	1.801487	0.095772	2329.298096
3135.391930	1.757915	0.095772	4190.930176
3135.392842	1.703972	0.095772	5744.953125
3135.393707	1.653409	0.095772	7175.152344
3135.394812	1.596811	0.095772	8939.628906
3135.395821	1.545418	0.095772	10498.955078
3135.396704	1.502095	0.095772	11825.304687
3135.397708	1.454908	0.095772	13286.033203
3135.398793	1.408513	0.095772	14814.269531
3135.399681	0.719139	0.095772	15452.865234
3135.400589	0.097789	0.095772	15541.658203
3135.401675	0.095328	0.095772	15645.184570
3135.402623	0.095310	0.095772	15735.538086
3135.403489	0.095354	0.095772	15818.114258
3135.404521	0.095350	0.095772	15916.515625
3135.405549	0.095328	0.095772	16014.513672
3135.406441	0.095284	0.095772	16099.507812
3135.407360	0.095380	0.095772	16187.162109
3135.408400	0.095438	0.095772	16286.417969
3135.409348	0.095255	0.095772	16376.719727
3136.462794	1.335418	0.081270	582.242004
3136.463664	1.802732	0.081270	2150.618896
3136.464776	1.759171	0.081270	4106.817383
3136.465762	1.702467	0.081270	5785.449707
3136.466632	1.653464	0.081270	7223.963867
3136.467663	1.598745	0.081270	8872.269531
3136.468713	1.545762	0.081270	10495.319336
3136.469607	1.500399	0.081270	11836.675781
3136.470541	1.458296	0.081270	13198.724609
3136.471614	1.410568	0.081270	14712.263672
3136.472574	0.728624	0.081270	15411.743164
3136.473439	0.097756	0.081270	15496.302734
3136.474498	0.095402	0.081270	15597.333008
3136.475512	0.095328	0.081270	15693.996094
3136.476406	0.095343	0.081270	15779.232422
3136.477372	0.095372	0.081270	15871.362305
3136.478406	0.095358	0.081270	15969.961914
3136.479330	0.095222	0.081270	16057.947266
3136.480189	0.095233	0.081270	16139.752930
3136.481261	0.095383	0.081270	16242.003906
3136.482255	0.095416	0.081270	16336.847656
3137.468175	1.390803	0.098467	695.401611
3137.469126	1.804874	0.098467	2411.836914
3137.470011	1.764207	0.098467	3973.159668
3137.470982	1.708612	0.098467	5632.221680
3137.472017	1.649850	0.098467	7339.816406
3137.472901	1.602524	0.098467	8756.448242
3137.473763	1.558359	0.098467	10099.753906
3137.474824	1.506782	0.098467	11698.450195
3137.475766	1.462134	0.098467	13075.780273
3137.476645	1.423403	0.098467	14326.952148
3137.477577	1.054651	0.098467	15309.886719
3137.478652	0.106677	0.098467	15424.564453
3137.479539	0.095131	0.098467	15508.945312
3137.480405	0.095273	0.098467	15591.452148
3137.481434	0.095383	0.098467	15689.601562
3137.482390	0.095332	0.098467	15780.739258
3137.483267	0.095189	0.098467	15864.219727
3137.484172	0.095325	0.098467	15950.488281
3137.485242	0.095325	0.098467	16052.485352
3137.486129	0.095171	0.098467	16136.902344
3137.486989	0.095281	0.098467	16218.843750
3138.542047	1.357145	0.081568	624.286560
3138.542918	1.805134	0.081568	2196.558594
3138.543913	1.765997	0.081568	3953.726074
3138.544967	1.704591	0.081568	5750.365234
3138.545870	1.653395	0.081568	7243.380859
3138.546733	1.605073	0.081568	8628.558594
3138.547820	1.551504	0.081568	10315.042969
3138.548824	1.502278	0.081568	11823.330078
3138.549710	1.461160	0.081568	13117.917969
3138.550700	1.417126	0.081568	14520.873047
3138.551766	0.787335	0.081568	15360.171875
3138.552660	0.098013	0.081568	15447.794922
3138.553541	0.095273	0.081568	15531.730469
3138.554636	0.095347	0.081568	15636.134766
3138.555596	0.095197	0.081568	15727.523437
3138.556460	0.095204	0.081568	15809.779297
3138.557494	0.095325	0.081568	15908.344727
3138.558525	0.095237	0.081568	16006.534180
3138.559423	0.095142	0.081568	16091.971680
3138.560357	0.095193	0.081568	16180.881836
3138.561406	0.095405	0.081568	16280.961914
3139.547181	1.410703	0.096787	761.779663
3139.548242	1.800886	0.096787	2672.520020
3139.549153	1.753843	0.096787	4270.270508
3139.550020	1.700768	0.096787	5744.836426
3139.551146	1.640907	0.096787	7592.497559
3139.552120	1.589828	0.096787	9140.990234
3139.552991	1.545333	0.096787	10486.975586
3139.554047	1.494305	0.096787	12064.961914
3139.555089	1.446669	0.096787	13572.390625
3139.555987	1.406272	0.096787	14835.222656
3139.556938	0.655693	0.096787	15458.787109
3139.557994	0.095339	0.096787	15559.465820
3139.558940	0.095127	0.096787	15649.456055
3139.559799	0.095164	0.096787	15731.201172
3139.560853	0.095376	0.096787	15831.727539
3139.561868	0.095248	0.096787	15928.404297
3139.562745	0.095222	0.096787	16011.914062
3139.563713	0.095284	0.096787	16104.149414
3139.564753	0.095376	0.096787	16203.340820
3139.565680	0.095233	0.096787	16291.622070
3139.566538	0.095284	0.096787	16373.375977
3140.619960	1.301726	0.084034	548.026672
3140.620981	1.802512	0.084034	2388.391602
3140.621965	1.758124	0.084034	4118.385254
3140.622893	1.705063	0.084034	5700.684082
3140.623760	1.653864	0.084034	7134.583984
3140.624870	1.598456	0.084034	8908.870117
3140.625757	1.552471	0.084034	10285.912109
3140.626622	1.509961	0.084034	11592.028320
3140.627686	1.460145	0.084034	13145.623047
3140.628660	1.417079	0.084034	14525.857422
3140.629533	1.029401	0.084034	15424.524414
3140.630405	0.115474	0.084034	15525.217773
3140.631515	0.095237	0.084034	15630.930664
3140.632423	0.095131	0.084034	15717.309570
3140.633286	0.095208	0.084034	15799.473633
3140.634336	0.095361	0.084034	15899.603516
3140.635305	0.095273	0.084034	15991.923828
3140.636182	0.095295	0.084034	16075.498047
3140.637039	0.095361	0.084034	16157.222656
3140.638154	0.095259	0.084034	16263.436523
3140.639059	0.095215	0.084034	16349.605469
3141.625784	1.301825	0.105509	546.766479
3141.626732	1.801337	0.105509	2254.433594
3141.627806	1.758340	0.105509	4142.890625
3141.628753	1.702804	0.105509	5755.446289
3141.629619	1.653571	0.105509	7187.438477
3141.630671	1.598225	0.105509	8868.771484
3141.631686	1.546882	0.105509	10438.857422
3141.632584	1.502758	0.105509	11788.333984
3141.633563	1.458274	0.105509	13215.984375
3141.634605	1.411732	0.105509	14687.009766
3141.635525	0.812128	0.105509	15434.166992
3141.636381	0.100016	0.105509	15519.780273
3141.637447	0.095354	0.105509	15621.427734
3141.638436	0.095215	0.105509	15715.595703
3141.639307	0.095233	0.105509	15798.543945
3141.640312	0.095442	0.105509	15894.462891
3141.641338	0.095292	0.105509	15992.232422
3141.642231	0.095277	0.105509	16077.314453
3141.643099	0.095255	0.105509	16159.996094
3141.644160	0.095369	0.105509	16261.182617
3141.645151	0.095222	0.105509	16355.547852
3142.698704	1.337443	0.078321	583.125000
3142.699570	1.803669	0.078321	2145.102539
3142.700650	1.761112	0.078321	4047.103516
3142.701658	1.702613	0.078321	5763.337891
3142.702546	1.653124	0.078321	7231.311523
3142.703542	1.600133	0.078321	8825.043945
3142.704600	1.546967	0.078321	10461.734375
3142.705496	1.502714	0.078321	11808.166016
3142.706360	1.460178	0.078321	13069.759766
3142.707475	1.412758	0.078321	14644.984375
3142.708463	0.767219	0.078321	15402.997070
3142.709317	0.098478	0.078321	15487.096680
3142.710387	0.095420	0.078321	15589.196289
3142.711435	0.095409	0.078321	15689.184570
3142.712306	0.095273	0.078321	15772.167969
3142.713229	0.095306	0.078321	15860.135742
3142.714299	0.095347	0.078321	15962.156250
3142.715241	0.095251	0.078321	16051.882812
3142.716108	0.095336	0.078321	16134.539062
3142.717131	0.095361	0.078321	16232.093750
3142.718154	0.095248	0.078321	16329.532227
3143.704594	1.351234	0.099349	694.534363
3143.705493	1.805376	0.099349	2317.567383
3143.706426	1.764265	0.099349	3963.626709
3143.707297	1.713179	0.099349	5455.805664
3143.708286	1.656453	0.099349	7094.037109
3143.709244	1.606088	0.099349	8632.668945
3143.710129	1.560747	0.099349	10013.929687
3143.711128	1.512762	0.099349	11525.179687
3143.712016	1.467905	0.099349	12828.679687
3143.712938	1.427911	0.099349	14145.213867
3143.713823	1.226385	0.099349	15230.565430
3143.714881	0.135645	0.099349	15374.077148
3143.715769	0.095193	0.099349	15458.608398
3143.716697	0.095303	0.099349	15547.049805
3143.717558	0.095233	0.099349	15629.045898
3143.718553	0.095266	0.099349	15723.835937
3143.719481	0.095131	0.099349	15812.117187
3143.720344	0.095248	0.099349	15894.316406
3143.721375	0.095277	0.099349	15992.546875
3143.722254	0.095255	0.099349	16076.276367
3143.723121	0.095299	0.099349	16158.900391
3144.777977	1.386757	0.081979	658.709351
3144.778860	1.805504	0.081979	2252.969482
3144.779826	1.765151	0.081979	3958.105713
3144.780886	1.702855	0.081979	5763.132324
3144.781822	1.650491	0.081979	7307.991699
3144.782688	1.602946	0.081979	8696.142578
3144.783787	1.548369	0.081979	10397.800781
3144.784784	1.499524	0.081979	11892.826172
3144.785685	1.457871	0.081979	13206.368164
3144.786681	1.414226	0.081979	14614.937500
3144.787725	0.721912	0.081979	15368.613281
3144.788620	0.097094	0.081979	15455.511719
3144.789477	0.095394	0.081979	15537.264648
3144.790589	0.095383	0.081979	15643.331055
3144.791552	0.095248	0.081979	15735.054687
3144.792425	0.095189	0.081979	15818.155273
3144.793448	0.095394	0.081979	15915.743164
3144.794491	0.095537	0.081979	16015.388672
3144.795376	0.095288	0.081979	16099.718750
3144.796254	0.095402	0.081979	16183.481445
3144.797360	0.095409	0.081979	16289.003906
3145.783482	1.307541	0.103164	551.782532
3145.784517	1.804157	0.103164	2419.084473
3145.785409	1.763595	0.103164	3992.210937
3145.786291	1.712062	0.103164	5502.249512
3145.787247	1.658983	0.103164	7088.237305
3145.788229	1.606227	0.103164	8665.551758
3145.789159	1.558480	0.103164	10114.938477
3145.790028	1.515678	0.103164	11432.062500
3145.791069	1.467433	0.103164	12959.660156
3145.791942	1.426461	0.103164	14204.960937
3145.792826	1.295299	0.103164	15350.004883
3145.793739	0.198940	0.103164	15531.637695
3145.794746	0.095240	0.103164	15627.544922
3145.795678	0.095369	0.103164	15716.428711
3145.796557	0.095325	0.103164	15800.218750
3145.797542	0.095310	0.103164	15894.099609
3145.798470	0.095332	0.103164	15982.567383
3145.799389	0.095211	0.103164	16070.066406
3145.800252	0.095317	0.103164	16152.325195
3145.801297	0.095186	0.103164	16251.793945
3145.802174	0.095255	0.103164	16335.333008
3146.856509	1.430764	0.078454	796.935669
3146.857563	1.801036	0.078454	2695.228027
3146.858470	1.753458	0.078454	4285.614746
3146.859347	1.700969	0.078454	5777.364746
3146.860440	1.642075	0.078454	7572.152832
3146.861402	1.591355	0.078454	9103.036133
3146.862267	1.546853	0.078454	10441.064453
3146.863310	1.497081	0.078454	12002.520508
3146.864358	1.448639	0.078454	13520.694336
3146.865245	1.409231	0.078454	14770.681641
3146.866205	0.718678	0.078454	15460.612305
3146.867257	0.095870	0.078454	15561.467773
3146.868184	0.095145	0.078454	15649.666992
3146.869042	0.095398	0.078454	15731.518555
3146.870083	0.095405	0.078454	15830.834961
3146.871096	0.095394	0.078454	15927.469727
3146.871994	0.095248	0.078454	16013.001953
3146.872948	0.095416	0.078454	16104.029297
3146.874004	0.095402	0.078454	16204.773437
3146.874930	0.095255	0.078454	16292.979492
3146.875791	0.095321	0.078454	16375.050781
3147.861707	1.325120	0.100723	571.126526
3147.862578	1.804358	0.100723	2142.722168
3147.863586	1.765327	0.100723	3922.171875
3147.864565	1.706836	0.100723	5593.164062
3147.865497	1.655852	0.100723	7136.417969
3147.866365	1.607018	0.100723	8531.309570
3147.867470	1.553200	0.100723	10247.594727
3147.868380	1.508372	0.100723	11620.212891
3147.869252	1.467444	0.100723	12899.824219
3147.870290	1.421228	0.100723	14375.058594
3147.871266	1.037860	0.100723	15388.009766
3147.872150	0.114155	0.100723	15488.922852
3147.873014	0.095295	0.100723	15571.257812
3147.874127	0.095339	0.100723	15677.370117
3147.875027	0.095248	0.100723	15763.092773
3147.875888	0.095281	0.100723	15845.129883
3147.876977	0.095420	0.100723	15949.041992
3147.877937	0.095317	0.100723	16040.546875
3147.878802	0.095237	0.100723	16122.926758
3147.879661	0.095350	0.100723	16204.833008
3147.880774	0.095380	0.100723	16310.990234
3148.936507	1.439938	0.079659	777.566406
3148.937534	1.801663	0.079659	2627.874023
3148.938436	1.756073	0.079659	4211.851562
3148.939391	1.701050	0.079659	5836.354004
3148.940451	1.641965	0.079659	7576.837402
3148.941386	1.592538	0.079659	9065.860352
3148.942251	1.546981	0.079659	10403.999023
3148.943325	1.496100	0.079659	12010.810547
3148.944321	1.449701	0.079659	13454.712891
3148.945218	1.410710	0.079659	14720.120117
3148.946211	0.695728	0.079659	15410.977539
3148.947247	0.095867	0.079659	15510.295898
3148.948153	0.095354	0.079659	15596.686523
3148.949009	0.095460	0.079659	15678.400391
3148.950096	0.095522	0.079659	15782.233398
3148.951089	0.095167	0.079659	15876.734375
3148.951964	0.095310	0.079659	15960.130859
3148.952940	0.095508	0.079659	16053.346680
3148.954005	0.095380	0.079659	16154.925781
3148.954891	0.095240	0.079659	16239.308594
3148.955752	0.095347	0.079659	16321.402344
3149.941196	1.324296	0.103946	582.690063
3149.942070	1.804171	0.103946	2159.535645
3149.943140	1.761174	0.103946	4043.992187
3149.944158	1.702262	0.103946	5776.894531
3149.945051	1.651787	0.103946	7251.940430
3149.946023	1.601173	0.103946	8808.281250
3149.947076	1.547018	0.103946	10437.291016
3149.948001	1.501619	0.103946	11826.288086
3149.948870	1.460226	0.103946	13095.224609
3149.949947	1.413267	0.103946	14617.312500
3149.950951	0.752087	0.103946	15372.408203
3149.951831	0.098042	0.103946	15458.685547
3149.952829	0.095277	0.103946	15553.772461
3149.953862	0.095310	0.103946	15652.227539
3149.954764	0.095328	0.103946	15738.213867
3149.955624	0.095277	0.103946	15820.152344
3149.956710	0.095402	0.103946	15923.758789
3149.957686	0.095303	0.103946	16016.774414
3149.958575	0.095317	0.103946	16101.511719
3149.959560	0.095358	0.103946	16195.439453
3149.960619	0.095277	0.103946	16296.337891
3151.015613	1.319180	0.078080	563.289734
3151.016495	1.804728	0.078080	2155.059570
3151.017448	1.768312	0.078080	3840.260742
3151.018379	1.713849	0.078080	5435.854004
3151.019306	1.661997	0.078080	6976.525391
3151.020177	1.613617	0.078080	8381.985352
3151.021191	1.563314	0.078080	9967.185547
3151.022123	1.516655	0.078080	11380.708008
3151.022991	1.475596	0.078080	12661.525391
3151.024003	1.430449	0.078080	14109.139648
3151.024887	1.335194	0.078080	15289.451172
3151.025791	0.226670	0.078080	15494.360352
3151.026670	0.095204	0.078080	15578.044922
3151.027613	0.095262	0.078080	15667.876953
3151.028553	0.095314	0.078080	15757.471680
3151.029443	0.095167	0.078080	15842.170898
3151.030427	0.095314	0.078080	15935.959961
3151.031353	0.095299	0.078080	16024.207031
3151.032272	0.095240	0.078080	16111.733398
3151.033137	0.095306	0.078080	16194.173828
3151.034171	0.095310	0.078080	16292.724609
3152.018907	1.326789	0.107487	607.669617
3152.019994	1.801135	0.107487	2565.503662
3152.020957	1.754136	0.107487	4254.736328
3152.021823	1.703137	0.107487	5729.653320
3152.022869	1.645653	0.107487	7451.006348
3152.023876	1.592087	0.107487	9054.238281
3152.024772	1.546278	0.107487	10439.703125
3152.025725	1.500681	0.107487	11869.852539
3152.026784	1.451396	0.107487	13406.880859
3152.027721	1.409934	0.107487	14727.989258
3152.028591	0.829988	0.107487	15450.079102
3152.029640	0.097141	0.107487	15551.980469
3152.030649	0.095325	0.107487	15648.163086
3152.031529	0.095343	0.107487	15732.064453
3152.032490	0.095255	0.107487	15823.604492
3152.033554	0.095343	0.107487	15925.049805
3152.034456	0.095219	0.107487	16010.936523
3152.035320	0.095332	0.107487	16093.303711
3152.036388	0.095295	0.107487	16195.079102
3152.037380	0.095229	0.107487	16289.546875
3152.038273	0.095226	0.107487	16374.583984
3153.094856	1.322955	0.075530	580.777405
3153.095718	1.802428	0.075530	2134.470459
3153.096830	1.760248	0.075530	4091.866211
3153.097741	1.706393	0.075530	5646.390137
3153.098615	1.657291	0.075530	7094.862793
3153.099602	1.604528	0.075530	8678.531250
3153.100612	1.552628	0.075530	10246.685547
3153.101510	1.508675	0.075530	11601.476562
3153.102377	1.466191	0.075530	12872.664062
3153.103484	1.418983	0.075530	14443.478516
3153.104410	1.026841	0.075530	15394.333008
3153.105294	0.113284	0.075530	15494.475586
3153.106285	0.095270	0.075530	15588.887695
3153.107279	0.095358	0.075530	15683.672852
3153.108163	0.095284	0.075530	15767.904297
3153.109021	0.095343	0.075530	15849.708984
3153.110099	0.095306	0.075530	15952.449219
3153.111011	0.095325	0.075530	16039.385742
3153.111882	0.095284	0.075530	16122.378906
3153.112868	0.095398	0.075530	16216.441406
3153.113866	0.095255	0.075530	16311.505859
3154.099279	1.431302	0.104010	780.059814
3154.100312	1.801403	0.104010	2640.908691
3154.101192	1.756161	0.104010	4186.330078
3154.102134	1.701735	0.104010	5789.364258
3154.103199	1.642229	0.104010	7538.337891
3154.104146	1.591996	0.104010	9045.958008
3154.105013	1.547520	0.104010	10387.657227
3154.106061	1.497070	0.104010	11956.586914
3154.107090	1.450016	0.104010	13448.653320
3154.107982	1.410406	0.104010	14706.736328
3154.108944	0.740317	0.104010	15418.921875
3154.109986	0.095867	0.104010	15518.815430
3154.110909	0.095112	0.104010	15606.604492
3154.111770	0.095292	0.104010	15688.650391
3154.112845	0.095226	0.104010	15791.018555
3154.113828	0.095255	0.104010	15884.654297
3154.114716	0.095222	0.104010	15969.211914
3154.115700	0.095288	0.104010	16062.975586
3154.116740	0.095142	0.104010	16161.922852
3154.117647	0.095222	0.104010	16248.289062
3154.118508	0.095347	0.104010	16330.382812
3155.172640	1.404012	0.079268	720.258362
3155.173667	1.802487	0.079268	2571.412109
3155.174551	1.758603	0.079268	4126.017578
3155.175530	1.702668	0.079268	5792.929687
3155.176588	1.643518	0.079268	7531.771973
3155.177497	1.594343	0.079268	8981.030273
3155.178369	1.549138	0.079268	10331.878906
3155.179440	1.497806	0.079268	11936.029297
3155.180433	1.451470	0.079268	13377.338867
3155.181330	1.412223	0.079268	14644.102539
3155.182309	0.761510	0.079268	15389.621094
3155.183369	0.096101	0.079268	15491.488281
3155.184276	0.095204	0.079268	15577.837891
3155.185140	0.095317	0.079268	15660.192383
3155.186249	0.095347	0.079268	15765.931641
3155.187218	0.095266	0.079268	15858.244141
3155.188084	0.095262	0.079268	15940.741211
3155.189130	0.095314	0.079268	16040.439453
3155.190163	0.095288	0.079268	16138.872070
3155.191056	0.095244	0.079268	16223.924805
3155.191968	0.095343	0.079268	16310.877930
3156.177368	1.338278	0.107333	599.548340
3156.178232	1.803065	0.107333	2157.396484
3156.179316	1.760317	0.107333	4065.580566
3156.180320	1.701409	0.107333	5773.794922
3156.181208	1.652179	0.107333	7240.929687
3156.182213	1.598851	0.107333	8847.775391
3156.183284	1.545743	0.107333	10503.266602
3156.184171	1.500809	0.107333	11834.484375
3156.185039	1.458538	0.107333	13100.495117
3156.186150	1.410806	0.107333	14667.900391
3156.187126	0.741581	0.107333	15391.683594
3156.187993	0.097797	0.107333	15476.473633
3156.189022	0.095200	0.107333	15574.434570
3156.190054	0.095240	0.107333	15672.722656
3156.190945	0.095215	0.107333	15757.558594
3156.191862	0.095398	0.107333	15845.038086
3156.192936	0.095295	0.107333	15947.385742
3156.193874	0.095288	0.107333	16036.765625
3156.194736	0.095251	0.107333	16118.872070
3156.195782	0.095383	0.107333	16218.642578
3156.196792	0.095240	0.107333	16314.835937
3157.250539	1.355156	0.076078	617.951294
3157.251467	1.804636	0.076078	2292.653564
3157.252335	1.768052	0.076078	3827.322510
3157.253373	1.708638	0.076078	5600.888672
3157.254257	1.657672	0.076078	7066.270996
3157.255174	1.608772	0.076078	8541.514648
3157.256060	1.562801	0.076078	9926.156250
3157.257039	1.515212	0.076078	11409.548828
3157.257987	1.470348	0.076078	12803.438477
3157.258872	1.430845	0.076078	14069.736328
3157.259959	1.176376	0.076078	15348.457031
3157.260861	0.137933	0.076078	15472.873047
3157.261780	0.095156	0.076078	15560.321289
3157.262646	0.095222	0.076078	15642.783203
3157.263629	0.095255	0.076078	15736.418945
3157.264553	0.095222	0.076078	15824.404297
3157.265429	0.095270	0.076078	15907.860352
3157.266421	0.095328	0.076078	16002.425781
3157.267326	0.095219	0.076078	16088.598633
3157.268241	0.095208	0.076078	16175.713867
3157.269114	0.095292	0.076078	16258.903320
3158.258964	1.387771	0.099591	688.334351
3158.259978	1.802732	0.099591	2516.304687
3158.260871	1.759398	0.099591	4087.447266
3158.261841	1.703632	0.099591	5739.969727
3158.262899	1.644075	0.099591	7479.400879
3158.263833	1.594614	0.099591	8968.770508
3158.264701	1.549684	0.099591	10313.896484
3158.265780	1.497986	0.099591	11930.222656
3158.266781	1.451444	0.099591	13383.118164
3158.267677	1.411978	0.099591	14648.250000
3158.268667	0.747085	0.099591	15387.864258
3158.269720	0.096013	0.099591	15488.965820
3158.270626	0.095219	0.099591	15575.233398
3158.271488	0.095332	0.099591	15657.409180
3158.272592	0.095464	0.099591	15762.801758
3158.273548	0.095314	0.099591	15853.921875
3158.274426	0.095380	0.099591	15937.665039
3158.275532	0.095409	0.099591	16043.187500
3158.276555	0.095240	0.099591	16140.618164
3158.277434	0.095259	0.099591	16224.350586
3158.278362	0.095358	0.099591	16312.842773
3159.327678	1.304755	0.077693	554.520691
3159.328544	1.803750	0.077693	2116.568115
3159.329585	1.765188	0.077693	3954.128906
3159.330489	1.710758	0.077693	5500.654297
3159.331412	1.659551	0.077693	7032.419922
3159.332277	1.610530	0.077693	8425.528320
3159.333326	1.559128	0.077693	10061.053711
3159.334211	1.515333	0.077693	11402.123047
3159.335085	1.473724	0.077693	12690.158203
3159.336077	1.429970	0.077693	14108.687500
3159.337014	1.262728	0.077693	15291.864258
3159.337940	0.175635	0.077693	15454.501953
3159.338810	0.095208	0.077693	15537.332031
3159.339843	0.095251	0.077693	15635.726562
3159.340735	0.095240	0.077693	15720.680664
3159.341613	0.095101	0.077693	15804.179687
3159.342573	0.095262	0.077693	15895.631836
3159.343559	0.095266	0.077693	15989.564453
3159.344486	0.095248	0.077693	16077.859375
3159.345350	0.095222	0.077693	16160.130859
3159.346382	0.095347	0.077693	16258.528320
3160.340188	1.337798	0.093685	597.995667
3160.341058	1.803479	0.093685	2167.022461
3160.342131	1.760731	0.093685	4056.287109
3160.343137	1.701962	0.093685	5768.460449
3160.344029	1.652278	0.093685	7242.291992
3160.345008	1.600924	0.093685	8809.596680
3160.346056	1.546970	0.093685	10430.821289
3160.346973	1.502366	0.093685	11808.490234
3160.347835	1.460354	0.093685	13067.315430
3160.348896	1.414047	0.093685	14567.619141
3160.349906	0.777275	0.093685	15352.666992
3160.350796	0.098258	0.093685	15440.116211
3160.351785	0.095321	0.093685	15534.388672
3160.352836	0.095372	0.093685	15634.625000
3160.353744	0.095193	0.093685	15721.060547
3160.354604	0.095288	0.093685	15803.007812
3160.355699	0.095435	0.093685	15907.508789
3160.356674	0.095156	0.093685	16000.286133
3160.357540	0.095332	0.093685	16082.843750
3160.358629	0.095387	0.093685	16186.719727
3160.359661	0.095332	0.093685	16285.102539
3161.405375	1.325621	0.077492	566.040283
3161.406425	1.803581	0.077492	2459.800781
3161.407310	1.761790	0.077492	4018.984375
3161.408187	1.711311	0.077492	5519.804199
3161.409196	1.655863	0.077492	7190.569824
3161.410124	1.604604	0.077492	8679.642578
3161.411032	1.558264	0.077492	10094.546875
3161.411915	1.514535	0.077492	11431.880859
3161.412942	1.466598	0.077492	12938.077148
3161.413848	1.425553	0.077492	14229.627930
3161.414728	1.283163	0.077492	15358.811523
3161.415691	0.186112	0.077492	15538.037109
3161.416651	0.094376	0.077492	15628.638672
3161.417574	0.094647	0.077492	15715.998047
3161.418440	0.095347	0.077492	15798.568359
3161.419503	0.095149	0.077492	15899.711914
3161.420390	0.095138	0.077492	15984.099609
3161.421264	0.095251	0.077492	16067.349609
3161.422150	0.095398	0.077492	16151.872070
3161.423202	0.095295	0.077492	16252.123047
3161.424086	0.095336	0.077492	16336.399414
3162.420924	1.309600	0.091172	553.960571
3162.422002	1.801783	0.091172	2496.283203
3162.423009	1.753832	0.091172	4262.391602
3162.423888	1.702994	0.091172	5759.323730
3162.424899	1.647521	0.091172	7424.967285
3162.425946	1.591857	0.091172	9091.641602
3162.426849	1.544927	0.091172	10486.710937
3162.427713	1.501373	0.091172	11783.897461
3162.428812	1.452576	0.091172	13380.278320
3162.429787	1.408605	0.091172	14753.667969
3162.430668	0.799486	0.091172	15458.015625
3162.431672	0.098430	0.091172	15556.839844
3162.432725	0.095270	0.091172	15657.159180
3162.433617	0.095175	0.091172	15742.054687
3162.434504	0.095416	0.091172	15826.688477
3162.435591	0.095446	0.091172	15930.437500
3162.436546	0.095347	0.091172	16021.493164
3162.437411	0.095229	0.091172	16103.866211
3162.438462	0.095343	0.091172	16204.071289
3162.439487	0.095251	0.091172	16301.704102
3162.440377	0.095211	0.091172	16386.441406
3163.483085	1.314536	0.075655	575.766785
3163.483959	1.803860	0.075655	2152.340332
3163.484857	1.769447	0.075655	3741.303711
3163.485954	1.708762	0.075655	5615.815918
3163.486831	1.657742	0.075655	7069.655273
3163.487703	1.610896	0.075655	8474.356445
3163.488722	1.558484	0.075655	10062.451172
3163.489697	1.511166	0.075655	11535.837891
3163.490582	1.469103	0.075655	12835.994141
3163.491452	1.427930	0.075655	14078.292969
3163.492569	1.110612	0.075655	15318.845703
3163.493479	0.123527	0.075655	15431.254883
3163.494344	0.095123	0.075655	15513.536133
3163.495410	0.095325	0.075655	15615.152344
3163.496368	0.095244	0.075655	15706.396484
3163.497265	0.095211	0.075655	15791.800781
3163.498122	0.095270	0.075655	15873.447266
3163.499211	0.095255	0.075655	15977.179687
3163.500096	0.095175	0.075655	16061.409180
3163.500965	0.095127	0.075655	16144.074219
3163.501963	0.095383	0.075655	16239.266602
3164.502996	1.324666	0.083135	588.151489
3164.503860	1.804113	0.083135	2146.904785
3164.504896	1.763536	0.083135	3973.928467
3164.505940	1.703394	0.083135	5752.271484
3164.506824	1.653109	0.083135	7213.620117
3164.507773	1.603026	0.083135	8734.891602
3164.508832	1.548816	0.083135	10375.087891
3164.509778	1.502461	0.083135	11796.416016
3164.510646	1.461222	0.083135	13064.756836
3164.511719	1.414581	0.083135	14582.602539
3164.512736	0.773112	0.083135	15368.857422
3164.513614	0.098478	0.083135	15455.321289
3164.514579	0.095376	0.083135	15547.359375
3164.515628	0.095266	0.083135	15647.293945
3164.516531	0.095288	0.083135	15733.338867
3164.517399	0.095259	0.083135	15816.023437
3164.518470	0.095380	0.083135	15918.174805
3164.519464	0.095295	0.083135	16012.898437
3164.520355	0.095350	0.083135	16097.855469
3164.521332	0.095306	0.083135	16190.969727
3164.522373	0.095398	0.083135	16290.279297
3165.560505	1.303085	0.082555	547.295593
3165.561545	1.802358	0.082555	2421.748291
3165.562572	1.755066	0.082555	4224.201172
3165.563464	1.703071	0.082555	5743.340820
3165.564426	1.649854	0.082555	7330.500000
3165.565489	1.592867	0.082555	9023.717773
3165.566419	1.546150	0.082555	10461.636719
3165.567291	1.501974	0.082555	11771.357422
3165.568363	1.453634	0.082555	13329.653320
3165.569354	1.409590	0.082555	14726.556641
3165.570252	0.799739	0.082555	15444.721680
3165.571223	0.099221	0.082555	15541.065430
3165.572271	0.095229	0.082555	15640.866211
3165.573177	0.095328	0.082555	15727.233398
3165.574036	0.095391	0.082555	15809.173828
3165.575111	0.095490	0.082555	15911.825195
3165.576097	0.095383	0.082555	16005.873047
3165.576986	0.095325	0.082555	16090.617187
3165.577980	0.095372	0.082555	16185.416992
3165.579025	0.095365	0.082555	16285.073242
3165.579921	0.095295	0.082555	16370.458008
3166.582289	1.384936	0.089830	703.547729
3166.583173	1.804947	0.089830	2299.121338
3166.584062	1.764818	0.089830	3868.044434
3166.585178	1.702064	0.089830	5767.547852
3166.586136	1.648824	0.089830	7347.121582
3166.587004	1.602001	0.089830	8737.658203
3166.588045	1.549578	0.089830	10350.768555
3166.589080	1.499513	0.089830	11902.764648
3166.589984	1.455941	0.089830	13218.935547
3166.590941	1.415222	0.089830	14573.302734
3166.592008	0.724061	0.089830	15345.875977
3166.592936	0.096515	0.089830	15435.441406
3166.593798	0.095394	0.089830	15517.670898
3166.594856	0.095460	0.089830	15618.667969
3166.595859	0.095273	0.089830	15714.227539
3166.596743	0.095391	0.089830	15798.552734
3166.597726	0.095387	0.089830	15892.318359
3166.598778	0.095339	0.089830	15992.615234
3166.599682	0.095240	0.089830	16078.712891
3166.600539	0.095270	0.089830	16160.359375
3166.601617	0.095464	0.089830	16263.269531
3167.638550	1.393531	0.088368	716.275146
3167.639486	1.804581	0.088368	2405.363281
3167.640347	1.764584	0.088368	3924.669922
3167.641398	1.703738	0.088368	5715.298340
3167.642420	1.646748	0.088368	7398.274902
3167.643313	1.599122	0.088368	8826.291016
3167.644294	1.550028	0.088368	10346.868164
3167.645354	1.498147	0.088368	11934.904297
3167.646279	1.455157	0.088368	13280.924805
3167.647148	1.415471	0.088368	14510.968750
3167.648235	0.750568	0.088368	15326.835937
3167.649225	0.096075	0.088368	15421.950195
3167.650126	0.095288	0.088368	15507.804687
3167.651106	0.095471	0.088368	15601.366211
3167.652173	0.095358	0.088368	15703.113281
3167.653059	0.095347	0.088368	15787.590820
3167.653917	0.095460	0.088368	15869.496094
3167.655019	0.095479	0.088368	15974.713867
3167.655976	0.095270	0.088368	16065.886719
3167.656840	0.095310	0.088368	16148.234375
3167.657899	0.095402	0.088368	16249.264648
3168.659896	1.302250	0.092920	546.944885
3168.660888	1.800886	0.092920	2333.423828
3168.661952	1.756106	0.092920	4201.920898
3168.662869	1.702203	0.092920	5762.841309
3168.663735	1.652366	0.092920	7193.790039
3168.664828	1.595431	0.092920	8937.595703
3168.665805	1.545615	0.092920	10447.662109
3168.666693	1.502838	0.092920	11782.182617
3168.667706	1.456220	0.092920	13257.333008
3168.668763	1.409568	0.092920	14747.246094
3168.669658	0.779615	0.092920	15445.001953
3168.670544	0.099203	0.092920	15532.895508
3168.671639	0.095358	0.092920	15637.312500
3168.672590	0.095306	0.092920	15727.949219
3168.673447	0.095255	0.092920	15809.583008
3168.674481	0.095314	0.092920	15908.137695
3168.675517	0.095255	0.092920	16006.822266
3168.676389	0.095259	0.092920	16089.887695
3168.677301	0.095420	0.092920	16176.911133
3168.678380	0.095365	0.092920	16279.809570
3168.679317	0.095347	0.092920	16369.149414
3169.718025	1.380147	0.088831	690.073242
3169.719017	1.803450	0.088831	2479.095215
3169.719918	1.760317	0.088831	4065.141113
3169.720926	1.702207	0.088831	5780.965820
3169.721989	1.643782	0.088831	7528.305664
3169.722878	1.595288	0.088831	8946.516602
3169.723750	1.549340	0.088831	10297.541016
3169.724851	1.497671	0.088831	11946.476562
3169.725811	1.453370	0.088831	13341.711914
3169.726676	1.414925	0.088831	14565.622070
3169.727717	0.759155	0.088831	15355.902344
3169.728753	0.096196	0.088831	15455.561523
3169.729637	0.095306	0.088831	15539.812500
3169.730578	0.095339	0.088831	15629.526367
3169.731624	0.095310	0.088831	15729.220703
3169.732563	0.095284	0.088831	15818.692383
3169.733421	0.095310	0.088831	15900.468750
3169.734482	0.095394	0.088831	16001.681641
3169.735508	0.095350	0.088831	16099.510742
3169.736380	0.095288	0.088831	16182.601562
3169.737339	0.095460	0.088831	16274.147461
3170.738894	1.337776	0.092606	589.959167
3170.739771	1.804219	0.092606	2172.259033
3170.740648	1.771695	0.092606	3726.036133
3170.741655	1.714241	0.092606	5452.276367
3170.742599	1.659576	0.092606	7018.916504
3170.743534	1.609944	0.092606	8524.213867
3170.744400	1.563318	0.092606	9878.046875
3170.745447	1.513960	0.092606	11463.163086
3170.746330	1.471904	0.092606	12762.854492
3170.747205	1.432075	0.092606	14015.919922
3170.748170	1.282522	0.092606	15253.553711
3170.749119	0.185475	0.092606	15429.569336
3170.750036	0.095240	0.092606	15516.905273
3170.750918	0.095354	0.092606	15601.007812
3170.751936	0.095369	0.092606	15698.092773
3170.752833	0.095336	0.092606	15783.609375
3170.753708	0.095350	0.092606	15867.041016
3170.754623	0.095446	0.092606	15954.374023
3170.755626	0.095292	0.092606	16049.951172
3170.756550	0.095266	0.092606	16137.977539
3170.757416	0.095464	0.092606	16220.649414
3171.798987	1.316111	0.084312	576.456543
3171.799859	1.803468	0.084312	2149.080566
3171.800894	1.762434	0.084312	3973.199707
3171.801923	1.703221	0.084312	5725.814453
3171.802823	1.652626	0.084312	7213.177734
3171.803789	1.602089	0.084312	8760.794922
3171.804840	1.547717	0.084312	10387.445312
3171.805786	1.501831	0.084312	11808.177734
3171.806655	1.460017	0.084312	13076.932617
3171.807741	1.412933	0.084312	14611.377930
3171.808752	0.742888	0.084312	15362.437500
3171.809643	0.097474	0.084312	15449.287109
3171.810630	0.095354	0.084312	15543.401367
3171.811660	0.095321	0.084312	15641.582031
3171.812563	0.095222	0.084312	15727.567383
3171.813422	0.095314	0.084312	15809.441406
3171.814516	0.095314	0.084312	15913.714844
3171.815511	0.095299	0.084312	16008.537109
3171.816390	0.095306	0.084312	16092.311523
3171.817384	0.095457	0.084312	16187.195312
3171.818440	0.095369	0.084312	16287.904297
3172.815558	1.312789	0.094970	568.437805
3172.816429	1.803776	0.094970	2139.526367
3172.817293	1.772721	0.094970	3671.157227
3172.818358	1.712344	0.094970	5494.803223
3172.819252	1.661444	0.094970	6980.134277
3172.820129	1.614067	0.094970	8395.670898
3172.821021	1.566632	0.094970	9793.106445
3172.822062	1.516036	0.094970	11371.300781
3172.822965	1.472780	0.094970	12701.220703
3172.823826	1.432800	0.094970	13934.861328
3172.824922	1.234676	0.094970	15288.066406
3172.825829	0.162751	0.094970	15435.681641
3172.826707	0.095068	0.094970	15519.151367
3172.827703	0.095347	0.094970	15614.116211
3172.828704	0.095259	0.094970	15709.470703
3172.829603	0.095295	0.094970	15795.141602
3172.830464	0.095354	0.094970	15877.241211
3172.831556	0.095336	0.094970	15981.347656
3172.832461	0.095178	0.094970	16067.484375
3172.833341	0.095303	0.094970	16151.350586
3172.834351	0.095372	0.094970	16247.676758
3173.878735	1.320040	0.077496	578.177612
3173.879609	1.803981	0.077496	2154.856934
3173.880644	1.762749	0.077496	3979.302246
3173.881678	1.702969	0.077496	5740.171875
3173.882574	1.652472	0.077496	7220.786621
3173.883512	1.602990	0.077496	8724.390625
3173.884575	1.548288	0.077496	10370.221680
3173.885526	1.501505	0.077496	11798.153320
3173.886394	1.460563	0.077496	13065.921875
3173.887459	1.414545	0.077496	14572.412109
3173.888465	0.788174	0.077496	15365.315430
3173.889347	0.098987	0.077496	15452.622070
3173.890328	0.095358	0.077496	15546.167969
3173.891367	0.095380	0.077496	15645.267578
3173.892280	0.095277	0.077496	15732.255859
3173.893136	0.095358	0.077496	15813.881836
3173.894213	0.095475	0.077496	15916.708008
3173.895202	0.095332	0.077496	16010.991211
3173.896073	0.095211	0.077496	16093.919922
3173.897054	0.095369	0.077496	16187.476562
3173.898110	0.095365	0.077496	16288.181641
3174.893835	1.342518	0.087558	679.314270
3174.894887	1.801684	0.087558	2574.686279
3174.895770	1.757655	0.087558	4126.695801
3174.896636	1.706990	0.087558	5604.949219
3174.897678	1.648557	0.087558	7322.745605
3174.898641	1.597559	0.087558	8861.194336
3174.899527	1.551965	0.087558	10236.235352
3174.900465	1.506412	0.087558	11649.250000
3174.901528	1.457842	0.087558	13198.935547
3174.902426	1.417423	0.087558	14471.781250
3174.903297	1.066912	0.087558	15401.061523
3174.904358	0.104476	0.087558	15511.911133
3174.905317	0.095193	0.087558	15603.201172
3174.906197	0.095255	0.087558	15687.025391
3174.907097	0.095306	0.087558	15772.800781
3174.908155	0.095259	0.087558	15873.584961
3174.909034	0.095222	0.087558	15957.285156
3174.909894	0.095266	0.087558	16039.213867
3174.910929	0.095380	0.087558	16137.931641
3174.911883	0.095189	0.087558	16228.742187
3174.912763	0.095266	0.087558	16312.576172
3175.960593	1.396425	0.076460	707.987244
3175.961600	1.802732	0.076460	2523.338379
3175.962498	1.759021	0.076460	4102.939453
3175.963472	1.703064	0.076460	5761.723633
3175.964522	1.644240	0.076460	7488.175293
3175.965442	1.595032	0.076460	8955.604492
3175.966309	1.549735	0.076460	10299.224609
3175.967396	1.498462	0.076460	11928.052734
3175.968378	1.452883	0.076460	13354.784180
3175.969272	1.413157	0.076460	14618.146484
3175.970288	0.748044	0.076460	15378.159180
3175.971318	0.096259	0.076460	15477.305664
3175.972208	0.095189	0.076460	15562.024414
3175.973066	0.095284	0.076460	15643.778320
3175.974160	0.095266	0.076460	15747.999023
3175.975125	0.095226	0.076460	15839.891602
3175.975980	0.095211	0.076460	15921.296875
3175.977045	0.095262	0.076460	16022.750977
3175.978087	0.095277	0.076460	16122.029297
3175.978961	0.095248	0.076460	16205.275391
3175.979866	0.095347	0.076460	16291.564453
3176.971037	1.399255	0.091031	712.221008
3176.971955	1.803981	0.091031	2368.275391
3176.972833	1.764921	0.091031	3917.875488
3176.973828	1.708088	0.091031	5617.423340
3176.974843	1.650297	0.091031	7292.474609
3176.975730	1.603195	0.091031	8714.507812
3176.976590	1.557891	0.091031	10054.293945
3176.977676	1.506526	0.091031	11690.380859
3176.978594	1.462573	0.091031	13033.023437
3176.979476	1.423414	0.091031	14288.474609
3176.980448	1.066934	0.091031	15325.534180
3176.981471	0.107421	0.091031	15435.425781
3176.982361	0.095244	0.091031	15520.193359
3176.983227	0.095325	0.091031	15602.744141
3176.984302	0.095394	0.091031	15705.292969
3176.985230	0.095321	0.091031	15793.750977
3176.986104	0.095259	0.091031	15877.006836
3176.987069	0.095420	0.091031	15969.086914
3176.988081	0.095350	0.091031	16065.581055
3176.988958	0.095306	0.091031	16149.165039
3176.989817	0.095273	0.091031	16231.004883
3178.040850	1.384266	0.072017	696.286011
3178.041772	1.804534	0.072017	2360.065918
3178.042634	1.765188	0.072017	3881.657959
3178.043693	1.704005	0.072017	5686.199219
3178.044716	1.646891	0.072017	7370.968750
3178.045614	1.599694	0.072017	8807.494141
3178.046583	1.550438	0.072017	10309.869141
3178.047641	1.499425	0.072017	11896.260742
3178.048554	1.456479	0.072017	13226.026367
3178.049429	1.416431	0.072017	14465.403320
3178.050524	0.771456	0.072017	15310.148437
3178.051505	0.096291	0.072017	15404.610352
3178.052398	0.095237	0.072017	15489.657227
3178.053370	0.095372	0.072017	15582.359375
3178.054420	0.095325	0.072017	15682.450195
3178.055321	0.095237	0.072017	15768.258789
3178.056181	0.095328	0.072017	15850.241211
3178.057272	0.095295	0.072017	15954.208984
3178.058233	0.095178	0.072017	16045.674805
3178.059095	0.095215	0.072017	16127.750000
3178.060172	0.095387	0.072017	16230.481445
3179.049405	1.304454	0.087881	549.175293
3179.050411	1.801003	0.087881	2360.984863
3179.051407	1.758669	0.087881	4112.619629
3179.052296	1.706550	0.087881	5629.742676
3179.053161	1.655057	0.087881	7061.367187
3179.054279	1.598665	0.087881	8848.673828
3179.055197	1.551379	0.087881	10272.839844
3179.056079	1.509023	0.087881	11603.798828
3179.057075	1.461841	0.087881	13059.791992
3179.058080	1.417262	0.087881	14484.140625
3179.058977	1.036179	0.087881	15413.593750
3179.059843	0.115898	0.087881	15513.961914
3179.060929	0.095197	0.087881	15617.345703
3179.061838	0.095229	0.087881	15703.909180
3179.062719	0.095321	0.087881	15787.886719
3179.063728	0.095332	0.087881	15884.077148
3179.064711	0.095347	0.087881	15977.802734
3179.065595	0.095292	0.087881	16062.041016
3179.066452	0.095215	0.087881	16143.640625
3179.067536	0.095321	0.087881	16246.968750
3179.068433	0.095354	0.087881	16332.500977
3180.119883	1.455820	0.075203	826.905884
3180.120940	1.799993	0.075203	2729.498047
3180.121837	1.752839	0.075203	4301.794922
3180.122723	1.699717	0.075203	5807.744141
3180.123817	1.640760	0.075203	7602.736328
3180.124776	1.590044	0.075203	9127.587891
3180.125637	1.546007	0.075203	10458.700195
3180.126684	1.495763	0.075203	12024.763672
3180.127714	1.448610	0.075203	13516.832031
3180.128601	1.408740	0.075203	14766.384766
3180.129548	0.734839	0.075203	15462.277344
3180.130610	0.095947	0.075203	15564.173828
3180.131545	0.095369	0.075203	15653.343750
3180.132402	0.095270	0.075203	15734.990234
3180.133449	0.095354	0.075203	15834.826172
3180.134460	0.095343	0.075203	15931.217773
3180.135345	0.095259	0.075203	16015.521484
3180.136303	0.095391	0.075203	16106.905273
3180.137351	0.095354	0.075203	16206.835937
3180.138278	0.095259	0.075203	16295.140625
3180.139149	0.095200	0.075203	16378.059570
3181.127445	1.387939	0.088372	710.625000
3181.128338	1.804307	0.088372	2321.870850
3181.129200	1.765016	0.088372	3843.314453
3181.130299	1.704122	0.088372	5716.145020
3181.131273	1.649733	0.088372	7322.984375
3181.132135	1.603356	0.088372	8705.077148
3181.133196	1.548955	0.088372	10348.518555
3181.134267	1.498286	0.088372	11953.182617
3181.135145	1.456765	0.088372	13232.222656
3181.136081	1.414911	0.088372	14556.579102
3181.137166	0.703191	0.088372	15319.541016
3181.138103	0.096196	0.088372	15409.676758
3181.138967	0.095317	0.088372	15492.031250
3181.140031	0.095361	0.088372	15593.496094
3181.141054	0.095281	0.088372	15690.968750
3181.141945	0.095149	0.088372	15775.746094
3181.142908	0.095317	0.088372	15867.537109
3181.143969	0.095376	0.088372	15968.731445
3181.144891	0.095299	0.088372	16056.597656
3181.145755	0.095347	0.088372	16138.977539
3181.146833	0.095354	0.088372	16241.769531
3182.199992	1.303140	0.075445	548.621765
3182.200930	1.802743	0.075445	2239.594727
3182.201836	1.767187	0.075445	3840.666504
3182.202769	1.713135	0.075445	5439.021484
3182.203633	1.663165	0.075445	6875.996094
3182.204641	1.610361	0.075445	8499.240234
3182.205565	1.562853	0.075445	9943.316406
3182.206434	1.519849	0.075445	11264.064453
3182.207472	1.471498	0.075445	12791.479492
3182.208362	1.430284	0.075445	14064.432617
3182.209282	1.327353	0.075445	15285.597656
3182.210165	0.226113	0.075445	15485.255859
3182.211103	0.095138	0.075445	15574.495117
3182.212052	0.095175	0.075445	15664.815430
3182.212944	0.095098	0.075445	15749.642578
3182.213920	0.095244	0.075445	15842.600586
3182.214834	0.095317	0.075445	15929.720703
3182.215759	0.095248	0.075445	16017.825195
3182.216618	0.095251	0.075445	16099.646484
3182.217652	0.095204	0.075445	16198.086914
3182.218529	0.095145	0.075445	16281.529297
3183.205559	1.312225	0.089903	552.446899
3183.206660	1.801091	0.089903	2535.448486
3183.207655	1.752360	0.089903	4279.046387
3183.208557	1.700552	0.089903	5812.944336
3183.209557	1.645027	0.089903	7457.971191
3183.210618	1.589736	0.089903	9144.681641
3183.211515	1.543400	0.089903	10529.111328
3183.212408	1.498425	0.089903	11867.205078
3183.213506	1.449185	0.089903	13458.410156
3183.214487	1.406624	0.089903	14838.307617
3183.215358	0.723193	0.089903	15468.208984
3183.216403	0.096200	0.089903	15568.738281
3183.217427	0.095240	0.089903	15666.264648
3183.218317	0.095321	0.089903	15751.100586
3183.219255	0.095343	0.089903	15840.532227
3183.220303	0.095266	0.089903	15940.371094
3183.221239	0.095186	0.089903	16029.464844
3183.222097	0.095266	0.089903	16111.203125
3183.223157	0.095350	0.089903	16212.274414
3183.224174	0.095292	0.089903	16309.186523
3183.225043	0.095219	0.089903	16391.931641
3184.277975	1.356108	0.074575	608.892700
3184.278852	1.803988	0.074575	2190.990234
3184.279849	1.764056	0.074575	3949.754395
3184.280858	1.705082	0.074575	5670.182129
3184.281751	1.654937	0.074575	7148.040527
3184.282615	1.607208	0.074575	8536.667969
3184.283721	1.552881	0.074575	10254.154297
3184.284641	1.507189	0.074575	11640.767578
3184.285532	1.465715	0.074575	12946.719727
3184.286535	1.421338	0.074575	14372.321289
3184.287538	1.011936	0.074575	15387.292969
3184.288421	0.111881	0.074575	15486.083984
3184.289277	0.095222	0.074575	15567.593750
3184.290362	0.095314	0.074575	15671.008789
3184.291260	0.095266	0.074575	15756.557617
3184.292125	0.095197	0.074575	15838.902344
3184.293110	0.095354	0.074575	15932.826172
3184.294121	0.095175	0.074575	16029.047852
3184.295016	0.095233	0.074575	16114.281250
3184.295878	0.095262	0.074575	16196.397461
3184.296954	0.095369	0.074575	16299.013672
3185.285056	1.311354	0.090725	559.948059
3185.286067	1.801344	0.090725	2381.106689
3185.287109	1.756040	0.090725	4210.900391
3185.287997	1.703745	0.090725	5723.826172
3185.288891	1.651736	0.090725	7200.478027
3185.289998	1.594893	0.090725	8966.024414
3185.290951	1.546783	0.090725	10440.109375
3185.291814	1.504028	0.090725	11738.085937
3185.292863	1.455912	0.090725	13265.337891
3185.293895	1.410300	0.090725	14720.767578
3185.294783	0.817167	0.090725	15446.412109
3185.295741	0.100034	0.090725	15542.245117
3185.296796	0.095314	0.090725	15642.800781
3185.297733	0.095208	0.090725	15732.009766
3185.298601	0.095255	0.090725	15814.691406
3185.299632	0.095343	0.090725	15912.990234
3185.300644	0.095204	0.090725	16009.336914
3185.301533	0.095153	0.090725	16093.927734
3185.302487	0.095354	0.090725	16184.895508
3185.303536	0.095273	0.090725	16284.836914
3185.304470	0.095270	0.090725	16373.819336
3186.356756	1.391312	0.077971	701.221375
3186.357674	1.804208	0.077971	2357.484131
3186.358542	1.764005	0.077971	3888.640625
3186.359627	1.702646	0.077971	5736.012207
3186.360621	1.646741	0.077971	7372.872559
3186.361516	1.599111	0.077971	8804.077148
3186.362507	1.549596	0.077971	10339.726562
3186.363571	1.497920	0.077971	11933.513672
3186.364481	1.454678	0.077971	13257.270508
3186.365348	1.415222	0.077971	14484.267578
3186.366455	0.737205	0.077971	15300.353516
3186.367416	0.096215	0.077971	15392.815430
3186.368283	0.095219	0.077971	15475.370117
3186.369358	0.095262	0.077971	15577.777344
3186.370385	0.095164	0.077971	15675.510742
3186.371271	0.095248	0.077971	15759.900391
3186.372193	0.095182	0.077971	15847.658203
3186.373256	0.095255	0.077971	15948.914062
3186.374198	0.095226	0.077971	16038.617187
3186.375058	0.095215	0.077971	16120.501953
3186.376109	0.095306	0.077971	16220.668945
3187.363621	1.358976	0.093565	717.539185
3187.364520	1.803834	0.093565	2339.186035
3187.365428	1.763416	0.093565	3940.367432
3187.366315	1.711813	0.093565	5458.745117
3187.367262	1.657559	0.093565	7028.453125
3187.368216	1.606864	0.093565	8561.401367
3187.369108	1.561073	0.093565	9953.878906
3187.370093	1.514066	0.093565	11445.234375
3187.371025	1.468356	0.093565	12813.742187
3187.371963	1.427457	0.093565	14152.697266
3187.372835	1.229066	0.093565	15224.443359
3187.373887	0.137919	0.093565	15369.534180
3187.374774	0.095175	0.093565	15453.954102
3187.375696	0.095175	0.093565	15541.705078
3187.376554	0.095182	0.093565	15623.371094
3187.377509	0.095101	0.093565	15714.192383
3187.378441	0.095226	0.093565	15802.942383
3187.379316	0.095336	0.093565	15886.361328
3187.380332	0.095237	0.093565	15983.122070
3187.381225	0.095251	0.093565	16068.181641
3187.382101	0.095295	0.093565	16151.660156
3188.435482	1.365732	0.076215	707.449402
3188.436538	1.800201	0.076215	2608.462158
3188.437464	1.753641	0.076215	4232.333984
3188.438334	1.701892	0.076215	5712.979980
3188.439411	1.642910	0.076215	7482.394043
3188.440415	1.589612	0.076215	9078.364258
3188.441314	1.544667	0.076215	10467.019531
3188.442311	1.496525	0.076215	11959.054687
3188.443367	1.448291	0.076215	13488.450195
3188.444277	1.407806	0.076215	14769.553711
3188.445148	0.739695	0.076215	15413.828125
3188.446263	0.095812	0.076215	15520.658203
3188.447223	0.095372	0.076215	15612.215820
3188.448088	0.095233	0.076215	15694.592773
3188.449139	0.095383	0.076215	15794.840820
3188.450167	0.095255	0.076215	15892.762695
3188.451053	0.095273	0.076215	15977.174805
3188.451966	0.095306	0.076215	16064.189453
3188.453040	0.095361	0.076215	16166.607422
3188.453984	0.095281	0.076215	16256.552734
3188.454843	0.095314	0.076215	16338.426758
3189.443584	1.388463	0.089428	667.850769
3189.444474	1.803867	0.089428	2273.292480
3189.445333	1.767920	0.089428	3791.935547
3189.446414	1.707122	0.089428	5637.333984
3189.447329	1.654332	0.089428	7151.047852
3189.448208	1.607834	0.089428	8564.333984
3189.449175	1.558623	0.089428	10071.522461
3189.450207	1.507837	0.089428	11627.610352
3189.451111	1.465254	0.089428	12952.200195
3189.451980	1.425439	0.089428	14190.907227
3189.453056	1.044620	0.089428	15314.918945
3189.453997	0.112046	0.089428	15420.354492
3189.454876	0.095222	0.089428	15504.054687
3189.455844	0.095376	0.089428	15596.378906
3189.456861	0.095343	0.089428	15693.342773
3189.457741	0.095292	0.089428	15777.199219
3189.458600	0.095295	0.089428	15859.057617
3189.459659	0.095354	0.089428	15960.037109
3189.460587	0.095175	0.089428	16048.359375
3189.461452	0.095244	0.089428	16130.745117
3189.462395	0.095365	0.089428	16220.673828
3190.513864	1.317283	0.077548	575.652527
3190.514729	1.803153	0.077548	2135.380127
3190.515788	1.761859	0.077548	4001.188965
3190.516795	1.703496	0.077548	5716.609375
3190.517684	1.653735	0.077548	7186.780273
3190.518669	1.602056	0.077548	8764.804687
3190.519731	1.547717	0.077548	10408.480469
3190.520650	1.502523	0.077548	11789.298828
3190.521513	1.460936	0.077548	13050.086914
3190.522598	1.414299	0.077548	14584.601562
3190.523594	0.794015	0.077548	15375.440430
3190.524471	0.098961	0.077548	15462.229492
3190.525461	0.095314	0.077548	15556.589844
3190.526528	0.095328	0.077548	15658.305664
3190.527406	0.095204	0.077548	15741.894531
3190.528266	0.095383	0.077548	15823.923828
3190.529361	0.095347	0.077548	15928.328125
3190.530336	0.095131	0.077548	16021.080078
3190.531200	0.095229	0.077548	16103.358398
3190.532243	0.095376	0.077548	16202.835937
3190.533290	0.095233	0.077548	16302.544922
3191.521467	1.320546	0.092493	555.949707
3191.522583	1.801135	0.092493	2566.016602
3191.523558	1.753506	0.092493	4275.685059
3191.524428	1.702863	0.092493	5757.175293
3191.525519	1.642126	0.092493	7548.735352
3191.526561	1.587330	0.092493	9202.733398
3191.527453	1.542297	0.092493	10578.462891
3191.528396	1.496466	0.092493	11989.630859
3191.529457	1.447595	0.092493	13525.529297
3191.530396	1.406056	0.092493	14845.815430
3191.531263	0.723376	0.092493	15472.982422
3191.532325	0.095973	0.092493	15574.905273
3191.533335	0.095354	0.092493	15671.212891
3191.534214	0.095409	0.092493	15755.077148
3191.535206	0.095358	0.092493	15849.671875
3191.536249	0.095358	0.092493	15949.129883
3191.537162	0.095295	0.092493	16036.134766
3191.538026	0.095295	0.092493	16118.469727
3191.539069	0.095475	0.092493	16218.049805
3191.540071	0.095314	0.092493	16313.553711
3191.540963	0.095281	0.092493	16398.544922
3192.589333	1.390847	0.077024	700.987000
3192.590281	1.803867	0.077024	2411.053223
3192.591145	1.763342	0.077024	3934.581055
3192.592173	1.703749	0.077024	5686.034668
3192.593191	1.647228	0.077024	7362.912598
3192.594087	1.599565	0.077024	8796.123047
3192.595047	1.551376	0.077024	10285.443359
3192.596099	1.499473	0.077024	11862.888672
3192.597029	1.455842	0.077024	13216.822266
3192.597954	1.415292	0.077024	14525.966797
3192.598845	1.006582	0.077024	15422.831055
3192.599790	0.111387	0.077024	15528.091797
3192.600733	0.095215	0.077024	15617.878906
3192.601619	0.095295	0.077024	15702.310547
3192.602496	0.095182	0.077024	15785.785156
3192.603524	0.095292	0.077024	15883.745117
3192.604452	0.095200	0.077024	15972.090820
3192.605319	0.095325	0.077024	16054.737305
3192.606197	0.095343	0.077024	16138.448242
3192.607183	0.095233	0.077024	16232.347656
3192.608098	0.095229	0.077024	16319.482422
3193.602324	1.393048	0.087941	696.524109
3193.603324	1.802347	0.087941	2498.871338
3193.604219	1.759384	0.087941	4073.519531
3193.605226	1.701617	0.087941	5787.048340
3193.606269	1.643844	0.087941	7501.577637
3193.607155	1.595643	0.087941	8915.317383
3193.608040	1.549574	0.087941	10286.690430
3193.609125	1.498546	0.087941	11912.613281
3193.610086	1.454015	0.087941	13309.921875
3193.610956	1.414955	0.087941	14540.932617
3193.612003	0.779883	0.087941	15357.469727
3193.613049	0.096317	0.087941	15458.217773
3193.613920	0.095182	0.087941	15541.121094
3193.614867	0.095332	0.087941	15631.400391
3193.615924	0.095336	0.087941	15732.169922
3193.616854	0.095277	0.087941	15820.777344
3193.617725	0.095266	0.087941	15903.753906
3193.618768	0.095332	0.087941	16003.185547
3193.619783	0.095229	0.087941	16099.843750
3193.620679	0.095259	0.087941	16185.195312
3193.621640	0.095262	0.087941	16276.742187
3194.670282	1.331997	0.074773	579.418701
3194.671154	1.803706	0.074773	2152.250488
3194.672171	1.764738	0.074773	3946.988770
3194.673174	1.705686	0.074773	5657.791992
3194.674058	1.655588	0.074773	7121.332031
3194.674930	1.606597	0.074773	8522.284180
3194.676046	1.552068	0.074773	10254.391602
3194.676955	1.506951	0.074773	11624.209961
3194.677842	1.465726	0.074773	12924.309570
3194.678842	1.421426	0.074773	14345.735352
3194.679860	0.997679	0.074773	15361.373047
3194.680755	0.108534	0.074773	15458.510742
3194.681734	0.095317	0.074773	15551.826172
3194.682779	0.095372	0.074773	15651.490234
3194.683682	0.095292	0.074773	15737.539062
3194.684545	0.095292	0.074773	15819.775391
3194.685633	0.095376	0.074773	15923.544922
3194.686615	0.095240	0.074773	16017.071289
3194.687480	0.095189	0.074773	16099.410156
3194.688520	0.095446	0.074773	16198.673828
3194.689559	0.095292	0.074773	16297.681641
3195.683278	1.321425	0.086132	580.105408
3195.684150	1.803076	0.086132	2152.387695
3195.685202	1.761650	0.086132	4005.644043
3195.686227	1.702581	0.086132	5750.789062
3195.687113	1.652648	0.086132	7215.035156
3195.688074	1.602188	0.086132	8754.737305
3195.689126	1.548219	0.086132	10383.463867
3195.690046	1.503673	0.086132	11766.843750
3195.690909	1.461563	0.086132	13028.171875
3195.691983	1.415240	0.086132	14548.139648
3195.692995	0.816167	0.086132	15374.100586
3195.693865	0.099628	0.086132	15460.776367
3195.694846	0.095251	0.086132	15554.217773
3195.695911	0.095273	0.086132	15655.683594
3195.696812	0.095281	0.086132	15741.531250
3195.697678	0.095310	0.086132	15824.069336
3195.698743	0.095372	0.086132	15925.640625
3195.699738	0.095347	0.086132	16020.510742
3195.700631	0.095240	0.086132	16105.560547
3195.701615	0.095398	0.086132	16199.431641
3195.702673	0.095317	0.086132	16300.277344
3196.747447	1.306435	0.071634	550.009338
3196.748534	1.801055	0.071634	2507.755859
3196.749546	1.752041	0.071634	4280.821289
3196.750440	1.700482	0.071634	5801.052246
3196.751404	1.647253	0.071634	7389.004395
3196.752473	1.590776	0.071634	9089.543945
3196.753395	1.543488	0.071634	10512.639648
3196.754259	1.499857	0.071634	11808.516602
3196.755358	1.451023	0.071634	13403.191406
3196.756336	1.407429	0.071634	14779.657227
3196.757236	0.738593	0.071634	15444.390625
3196.758238	0.097676	0.071634	15542.261719
3196.759290	0.095303	0.071634	15642.520508
3196.760174	0.095182	0.071634	15726.661133
3196.761057	0.095339	0.071634	15810.845703
3196.762146	0.095325	0.071634	15914.654297
3196.763111	0.095273	0.071634	16006.592773
3196.763969	0.095343	0.071634	16088.397461
3196.764981	0.095457	0.071634	16184.999023
3196.766032	0.095215	0.071634	16285.070312
3196.766908	0.095226	0.071634	16368.488281
3197.764026	1.305146	0.082019	548.161499
3197.765108	1.801212	0.082019	2497.073242
3197.766116	1.752671	0.082019	4263.765625
3197.767018	1.700936	0.082019	5798.010254
3197.768005	1.646199	0.082019	7422.808594
3197.769055	1.590773	0.082019	9093.120117
3197.769967	1.543978	0.082019	10501.228516
3197.770829	1.500549	0.082019	11794.702148
3197.771934	1.451034	0.082019	13398.094727
3197.772902	1.408246	0.082019	14761.276367
3197.773782	0.788408	0.082019	15455.075195
3197.774804	0.098214	0.082019	15555.450195
3197.775856	0.095332	0.082019	15655.739258
3197.776732	0.095266	0.082019	15739.192383
3197.777607	0.095251	0.082019	15822.537109
3197.778708	0.095292	0.082019	15927.453125
3197.779667	0.095284	0.082019	16018.831055
3197.780532	0.095240	0.082019	16101.213867
3197.781551	0.095310	0.082019	16198.334961
3197.782584	0.095255	0.082019	16296.733398
3197.783476	0.095339	0.082019	16381.776367
3198.825228	1.386383	0.075216	697.350708
3198.826188	1.803732	0.075216	2428.933105
3198.827056	1.763375	0.075216	3959.542969
3198.828115	1.702101	0.075216	5762.067383
3198.829151	1.644792	0.075216	7466.072266
3198.830045	1.596511	0.075216	8893.353516
3198.830979	1.549735	0.075216	10340.805664
3198.832035	1.498304	0.075216	11923.015625
3198.832983	1.454323	0.075216	13301.712891
3198.833852	1.414977	0.075216	14531.328125
3198.834903	0.776814	0.075216	15347.759766
3198.835910	0.096471	0.075216	15444.906250
3198.836796	0.095248	0.075216	15529.295898
3198.837767	0.095380	0.075216	15621.909180
3198.838814	0.095409	0.075216	15721.802734
3198.839734	0.095248	0.075216	15809.430664
3198.840589	0.095204	0.075216	15890.830078
3198.841637	0.095229	0.075216	15990.630859
3198.842645	0.095079	0.075216	16086.470703
3198.843535	0.095138	0.075216	16171.143555
3198.844495	0.095189	0.075216	16262.525391
3199.843010	1.314254	0.089101	567.757812
3199.843887	1.803292	0.089101	2149.245117
3199.844771	1.771143	0.089101	3714.935059
3199.845737	1.716724	0.089101	5373.290039
3199.846664	1.663337	0.089101	6915.203613
3199.847547	1.615334	0.089101	8341.543945
3199.848491	1.566874	0.089101	9820.672852
3199.849492	1.518215	0.089101	11340.406250
3199.850428	1.473413	0.089101	12719.520508
3199.851290	1.433441	0.089101	13955.146484
3199.852358	1.260000	0.089101	15300.826172
3199.853261	0.174855	0.089101	15458.719727
3199.854141	0.095226	0.089101	15542.518555
3199.855072	0.095292	0.089101	15631.235352
3199.856055	0.095273	0.089101	15724.888672
3199.856973	0.095299	0.089101	15812.373047
3199.857843	0.095284	0.089101	15895.270508
3199.858930	0.095273	0.089101	15998.833008
3199.859833	0.095240	0.089101	16084.834961
3199.860710	0.095299	0.089101	16168.412109
3199.861572	0.095277	0.089101	16250.541016
3200.902622	1.353160	0.080066	610.275330
3200.903497	1.803867	0.080066	2188.659180
3200.904521	1.762811	0.080066	3993.777832
3200.905565	1.702749	0.080066	5771.447754
3200.906451	1.652208	0.080066	7235.304199
3200.907343	1.603092	0.080066	8665.262695
3200.908408	1.549479	0.080066	10315.458008
3200.909369	1.502743	0.080066	11759.593750
3200.910241	1.462185	0.080066	13034.619141
3200.911273	1.416416	0.080066	14496.360352
3200.912318	0.813127	0.080066	15346.078125
3200.913211	0.098873	0.080066	15434.372070
3200.914146	0.095336	0.080066	15523.510742
3200.915207	0.095347	0.080066	15624.673828
3200.916136	0.095288	0.080066	15713.196289
3200.917000	0.095398	0.080066	15795.620117
3200.918069	0.095405	0.080066	15897.608398
3200.919081	0.095420	0.080066	15994.173828
3200.919977	0.095394	0.080066	16079.647461
3200.920932	0.095537	0.080066	16170.885742
3200.921970	0.095369	0.080066	16269.877930
3201.923008	1.308351	0.091736	559.974121
3201.923878	1.803131	0.091736	2128.698242
3201.924750	1.769971	0.091736	3672.112793
3201.925810	1.710806	0.091736	5485.566895
3201.926705	1.660477	0.091736	6971.694336
3201.927590	1.612980	0.091736	8399.181641
3201.928604	1.561564	0.091736	9982.607422
3201.929529	1.515055	0.091736	11384.033203
3201.930459	1.471300	0.091736	12752.341797
3201.931326	1.431401	0.091736	13993.367187
3201.932373	1.261886	0.091736	15314.561523
3201.933263	0.177004	0.091736	15472.095703
3201.934128	0.095208	0.091736	15554.450195
3201.935106	0.095394	0.091736	15647.746094
3201.936037	0.095299	0.091736	15736.469727
3201.936951	0.095413	0.091736	15823.676758
3201.937828	0.095281	0.091736	15907.238281
3201.938857	0.095310	0.091736	16005.312500
3201.939757	0.095281	0.091736	16091.065430
3201.940634	0.095295	0.091736	16174.639648
3201.941569	0.095522	0.091736	16263.953125
3202.980620	1.350978	0.080654	684.945740
3202.981688	1.800322	0.080654	2607.689941
3202.982625	1.752825	0.080654	4250.086914
3202.983490	1.701947	0.080654	5722.270996
3202.984563	1.643167	0.080654	7485.388672
3202.985567	1.589985	0.080654	9081.734375
3202.986453	1.545110	0.080654	10450.701172
3202.987448	1.497938	0.080654	11941.149414
3202.988491	1.449097	0.080654	13452.557617
3202.989411	1.408799	0.080654	14748.652344
3202.990275	0.786108	0.080654	15427.849609
3202.991371	0.096266	0.080654	15533.357422
3202.992373	0.095365	0.080654	15628.913086
3202.993256	0.095292	0.080654	15713.055664
3202.994262	0.095563	0.080654	15809.191406
3202.995320	0.095380	0.080654	15910.103516
3202.996194	0.095365	0.080654	15993.452148
3202.997070	0.095262	0.080654	16076.902344
3202.998160	0.095416	0.080654	16180.906250
3202.999126	0.095229	0.080654	16272.897461
3202.999991	0.095350	0.080654	16355.375977
3204.001231	1.331986	0.094560	594.065796
3204.002271	1.803065	0.094560	2469.253418
3204.003156	1.760889	0.094560	4027.639893
3204.004030	1.710212	0.094560	5522.365234
3204.005056	1.653908	0.094560	7219.274414
3204.005956	1.603605	0.094560	8662.518555
3204.006875	1.557653	0.094560	10094.000977
3204.007754	1.512671	0.094560	11423.638672
3204.008802	1.464459	0.094560	12958.391602
3204.009701	1.424791	0.094560	14239.279297
3204.010582	1.269968	0.094560	15358.121094
3204.011563	0.172786	0.094560	15527.624023
3204.012513	0.095193	0.094560	15618.057617
3204.013435	0.095383	0.094560	15706.000977
3204.014301	0.095380	0.094560	15788.599609
3204.015342	0.095288	0.094560	15887.794922
3204.016216	0.095277	0.094560	15971.067383
3204.017081	0.095226	0.094560	16053.437500
3204.018019	0.095376	0.094560	16142.900391
3204.018990	0.095208	0.094560	16235.346680
3204.019910	0.095270	0.094560	16322.995117
3205.059516	1.308944	0.081415	557.610168
3205.060474	1.800509	0.081415	2282.497803
3205.061528	1.757725	0.081415	4135.139648
3205.062461	1.703079	0.081415	5724.112305
3205.063326	1.653538	0.081415	7154.422363
3205.064393	1.597837	0.081415	8859.314453
3205.065389	1.547172	0.081415	10400.296875
3205.066270	1.503926	0.081415	11725.255859
3205.067266	1.458669	0.081415	13178.090820
3205.068322	1.411988	0.081415	14669.150391
3205.069234	0.843072	0.081415	15438.032227
3205.070089	0.101382	0.081415	15524.713867
3205.071166	0.095332	0.081415	15627.386719
3205.072152	0.095306	0.081415	15721.358398
3205.073029	0.095321	0.081415	15804.955078
3205.074017	0.095504	0.081415	15899.313477
3205.075067	0.095380	0.081415	15999.461914
3205.075965	0.095299	0.081415	16085.040039
3205.076825	0.095387	0.081415	16167.073242
3205.077934	0.095424	0.081415	16272.898437
3205.078901	0.095233	0.081415	16364.989258
3206.080191	1.308713	0.087844	560.129333
3206.081053	1.802732	0.087844	2114.084229
3206.082046	1.765408	0.087844	3867.134277
3206.082977	1.711732	0.087844	5460.756836
3206.083900	1.659895	0.087844	6992.839844
3206.084762	1.611833	0.087844	8382.240234
3206.085752	1.561952	0.087844	9928.572266
3206.086683	1.516542	0.087844	11340.472656
3206.087564	1.473992	0.087844	12639.059570
3206.088587	1.429050	0.087844	14100.978516
3206.089480	1.308351	0.087844	15269.335937
3206.090407	0.197021	0.087844	15451.974609
3206.091275	0.095270	0.087844	15534.668945
3206.092273	0.095405	0.087844	15629.883789
3206.093193	0.095339	0.087844	15717.595703
3206.094055	0.095281	0.087844	15799.727539
3206.095089	0.095284	0.087844	15898.251953
3206.095964	0.095354	0.087844	15981.686523
3206.096869	0.095354	0.087844	16067.981445
3206.097747	0.095409	0.087844	16151.750977
3206.098710	0.095409	0.087844	16243.629883
3207.139768	1.308981	0.077645	551.080872
3207.140833	1.801304	0.077645	2469.469238
3207.141843	1.753092	0.077645	4240.092285
3207.142740	1.701409	0.077645	5766.255859
3207.143738	1.646397	0.077645	7409.359375
3207.144798	1.589982	0.077645	9094.740234
3207.145710	1.543429	0.077645	10502.347656
3207.146581	1.499491	0.077645	11808.404297
3207.147690	1.449803	0.077645	13416.236328
3207.148681	1.406979	0.077645	14810.552734
3207.149558	0.739087	0.077645	15458.732422
3207.150633	0.095999	0.077645	15561.930664
3207.151662	0.095237	0.077645	15659.929687
3207.152554	0.095358	0.077645	15744.988281
3207.153467	0.095369	0.077645	15832.059570
3207.154520	0.095424	0.077645	15932.541016
3207.155473	0.095182	0.077645	16023.249023
3207.156333	0.095292	0.077645	16105.200195
3207.157373	0.095420	0.077645	16204.436523
3207.158380	0.095292	0.077645	16300.395508
3207.159268	0.095292	0.077645	16385.013672
3208.157120	1.312562	0.086092	560.464050
3208.158049	1.801080	0.086092	2233.667480
3208.158980	1.765338	0.086092	3877.197266
3208.159912	1.712032	0.086092	5472.811523
3208.160777	1.660924	0.086092	6909.510742
3208.161811	1.607574	0.086092	8571.742187
3208.162698	1.561315	0.086092	9956.627930
3208.163608	1.516439	0.086092	11336.587891
3208.164490	1.473545	0.086092	12636.254883
3208.165490	1.430413	0.086092	14066.667969
3208.166424	1.321439	0.086092	15300.892578
3208.167313	0.219851	0.086092	15496.339844
3208.168343	0.095164	0.086092	15594.358398
3208.169230	0.095354	0.086092	15678.937500
3208.170150	0.095240	0.086092	15766.558594
3208.171014	0.095317	0.086092	15848.913086
3208.172006	0.095350	0.086092	15943.500977
3208.172931	0.095259	0.086092	16031.615234
3208.173797	0.095251	0.086092	16114.102539
3208.174831	0.095310	0.086092	16212.653320
3208.175705	0.095222	0.086092	16295.877930
3209.222335	1.312844	0.068960	559.271606
3209.223266	1.800425	0.068960	2235.467285
3209.224361	1.756527	0.068960	4158.864258
3209.225314	1.701273	0.068960	5780.177734
3209.226185	1.651641	0.068960	7218.756836
3209.227251	1.595508	0.068960	8919.568359
3209.228271	1.544528	0.068960	10494.986328
3209.229170	1.500428	0.068960	11843.871094
3209.230143	1.455897	0.068960	13260.458984
3209.231189	1.409323	0.068960	14734.610352
3209.232113	0.744796	0.068960	15422.801758
3209.232973	0.098441	0.068960	15507.460937
3209.234060	0.095299	0.068960	15611.050781
3209.235049	0.095292	0.068960	15705.293945
3209.235926	0.095259	0.068960	15788.835937
3209.236920	0.095365	0.068960	15883.628906
3209.237966	0.095292	0.068960	15983.303711
3209.238862	0.095303	0.068960	16068.695312
3209.239720	0.095387	0.068960	16150.537109
3209.240817	0.095325	0.068960	16255.108398
3209.241796	0.095197	0.068960	16348.305664
3210.234850	1.367541	0.082475	626.333984
3210.235737	1.803611	0.082475	2226.136719
3210.236618	1.769048	0.082475	3784.667969
3210.237623	1.712201	0.082475	5505.429687
3210.238570	1.657566	0.082475	7075.144531
3210.239496	1.608080	0.082475	8564.226562
3210.240359	1.562710	0.082475	9912.845703
3210.241377	1.512755	0.082475	11452.830078
3210.242282	1.470132	0.082475	12783.299805
3210.243164	1.431489	0.082475	14045.873047
3210.244105	1.271880	0.082475	15242.711914
3210.245084	0.170596	0.082475	15409.725586
3210.246002	0.095189	0.082475	15497.109375
3210.246875	0.095262	0.082475	15580.273437
3210.247946	0.095343	0.082475	15682.385742
3210.248836	0.095317	0.082475	15767.217773
3210.249709	0.095402	0.082475	15850.502930
3210.250590	0.095332	0.082475	15934.490234
3210.251626	0.095303	0.082475	16033.223633
3210.252509	0.095325	0.082475	16117.395508
3210.253386	0.095361	0.082475	16201.027344
3211.301846	1.339120	0.073109	590.551880
3211.302711	1.802479	0.073109	2149.696289
3211.303794	1.760105	0.073109	4055.890137
3211.304791	1.701636	0.073109	5752.420898
3211.305674	1.652538	0.073109	7211.611816
3211.306663	1.600459	0.073109	8794.465820
3211.307707	1.547574	0.073109	10410.133789
3211.308614	1.502358	0.073109	11772.772461
3211.309479	1.460164	0.073109	13035.814453
3211.310573	1.413805	0.073109	14582.516602
3211.311574	0.788829	0.073109	15372.134766
3211.312447	0.098822	0.073109	15458.406250
3211.313433	0.095376	0.073109	15552.447266
3211.314484	0.095266	0.073109	15652.572266
3211.315372	0.095277	0.073109	15737.178711
3211.316252	0.095317	0.073109	15821.057617
3211.317351	0.095486	0.073109	15925.996094
3211.318322	0.095350	0.073109	16018.581055
3211.319185	0.095226	0.073109	16100.760742
3211.320217	0.095420	0.073109	16199.234375
3211.321246	0.095321	0.073109	16297.319336
3212.313527	1.310449	0.083337	550.388672
3212.314585	1.802725	0.083337	2457.671387
3212.315466	1.761731	0.083337	4009.756348
3212.316346	1.710406	0.083337	5514.914062
3212.317332	1.656314	0.083337	7148.039062
3212.318287	1.604282	0.083337	8680.128906
3212.319191	1.557400	0.083337	10088.018555
3212.320069	1.514608	0.083337	11417.844727
3212.321090	1.466407	0.083337	12915.046875
3212.321996	1.426300	0.083337	14207.274414
3212.322877	1.292542	0.083337	15346.003906
3212.323804	0.196102	0.083337	15527.791016
3212.324805	0.095244	0.083337	15623.130859
3212.325717	0.095317	0.083337	15710.060547
3212.326594	0.095306	0.083337	15793.644531
3212.327604	0.095295	0.083337	15889.892578
3212.328510	0.095229	0.083337	15976.170898
3212.329433	0.095292	0.083337	16064.125000
3212.330290	0.095424	0.083337	16145.903320
3212.331306	0.095204	0.083337	16242.630859
3212.332201	0.095306	0.083337	16327.929687
3213.382074	1.302385	0.073536	548.304199
3213.383044	1.800018	0.073536	2294.322021
3213.384111	1.756073	0.073536	4168.051758
3213.385035	1.702233	0.073536	5740.915039
3213.385901	1.652080	0.073536	7171.616211
3213.387005	1.595035	0.073536	8932.535156
3213.387992	1.544839	0.073536	10457.291016
3213.388889	1.501681	0.073536	11804.298828
3213.389877	1.455813	0.073536	13242.642578
3213.390921	1.409890	0.073536	14714.567383
3213.391832	0.782058	0.073536	15427.022461
3213.392713	0.099302	0.073536	15514.506836
3213.393810	0.095325	0.073536	15619.078125
3213.394762	0.095299	0.073536	15709.802734
3213.395621	0.095339	0.073536	15791.699219
3213.396633	0.095431	0.073536	15888.275391
3213.397657	0.095233	0.073536	15985.793945
3213.398546	0.095266	0.073536	16070.485352
3213.399444	0.095376	0.073536	16156.132812
3213.400530	0.095325	0.073536	16259.655273
3213.401470	0.095299	0.073536	16349.236328
3214.391031	1.374005	0.082865	645.782410
3214.391913	1.803622	0.082865	2236.576904
3214.392791	1.768795	0.082865	3789.579102
3214.393769	1.712948	0.082865	5464.842285
3214.394723	1.657932	0.082865	7046.509766
3214.395658	1.608179	0.082865	8550.157227
3214.396527	1.563252	0.082865	9908.623047
3214.397563	1.513865	0.082865	11476.987305
3214.398468	1.469648	0.082865	12807.019531
3214.399348	1.430054	0.082865	14065.466797
3214.400266	1.274520	0.082865	15235.476562
3214.401285	0.168611	0.082865	15407.291016
3214.402210	0.095255	0.082865	15495.402344
3214.403068	0.095273	0.082865	15577.146484
3214.404060	0.095442	0.082865	15671.825195
3214.404979	0.095325	0.082865	15759.428711
3214.405908	0.095446	0.082865	15848.097656
3214.406768	0.095464	0.082865	15930.196289
3214.407799	0.095394	0.082865	16028.547852
3214.408681	0.095255	0.082865	16112.562500
3214.409556	0.095464	0.082865	16196.093750
3215.461819	1.303942	0.076106	550.263367
3215.462799	1.800359	0.076106	2314.614990
3215.463865	1.755634	0.076106	4186.120117
3215.464798	1.701141	0.076106	5773.285156
3215.465665	1.651337	0.076106	7204.994141
3215.466735	1.595581	0.076106	8912.265625
3215.467725	1.545494	0.076106	10442.304687
3215.468627	1.502168	0.076106	11797.259766
3215.469632	1.455747	0.076106	13260.285156
3215.470666	1.409674	0.076106	14717.887695
3215.471581	0.774412	0.076106	15426.474609
3215.472439	0.099016	0.076106	15511.430664
3215.473545	0.095438	0.076106	15616.985352
3215.474507	0.095328	0.076106	15708.691406
3215.475365	0.095332	0.076106	15790.486328
3215.476449	0.095420	0.076106	15893.921875
3215.477486	0.095391	0.076106	15992.841797
3215.478364	0.095273	0.076106	16076.492187
3215.479271	0.095416	0.076106	16163.035156
3215.480341	0.095387	0.076106	16265.099609
3215.481292	0.095288	0.076106	16355.718750
3216.470097	1.448090	0.084585	819.618713
3216.471073	1.802157	0.084585	2578.523926
3216.471943	1.757996	0.084585	4107.979980
3216.472816	1.704510	0.084585	5596.017578
3216.473933	1.645521	0.084585	7434.064941
3216.474854	1.596269	0.084585	8904.229492
3216.475729	1.551830	0.084585	10262.080078
3216.476775	1.500806	0.084585	11831.922852
3216.477754	1.455798	0.084585	13257.149414
3216.478634	1.416713	0.084585	14503.856445
3216.479511	0.972843	0.084585	15357.040039
3216.480614	0.100049	0.084585	15467.393555
3216.481511	0.095328	0.084585	15552.903320
3216.482372	0.095306	0.084585	15634.961914
3216.483466	0.095457	0.084585	15739.391602
3216.484443	0.095310	0.084585	15832.509766
3216.485320	0.095336	0.084585	15916.119141
3216.486197	0.095391	0.084585	15999.776367
3216.487306	0.095358	0.084585	16105.528320
3216.488182	0.095321	0.084585	16189.029297
3216.489038	0.095317	0.084585	16270.621094
3217.540119	1.401204	0.078724	706.206604
3217.541060	1.803618	0.078724	2403.411133
3217.541931	1.763364	0.078724	3939.301270
3217.542960	1.703445	0.078724	5692.145996
3217.543991	1.646331	0.078724	7389.512695
3217.544886	1.598613	0.078724	8820.271484
3217.545855	1.550306	0.078724	10322.518555
3217.546920	1.497784	0.078724	11917.659180
3217.547860	1.454297	0.078724	13284.698242
3217.548726	1.414761	0.078724	14509.880859
3217.549816	0.740504	0.078724	15317.030273
3217.550816	0.095955	0.078724	15412.984375
3217.551708	0.095237	0.078724	15497.935547
3217.552678	0.095475	0.078724	15590.545898
3217.553729	0.095336	0.078724	15690.744141
3217.554631	0.095204	0.078724	15776.618164
3217.555489	0.095299	0.078724	15858.384766
3217.556574	0.095431	0.078724	15961.927734
3217.557562	0.095273	0.078724	16056.057617
3217.558441	0.095288	0.078724	16139.815430
3217.559450	0.095391	0.078724	16236.064453
3218.547660	1.323556	0.089758	570.452637
3218.548542	1.803497	0.089758	2161.137207
3218.549490	1.767327	0.089758	3836.562988
3218.550525	1.707363	0.089758	5603.684082
3218.551422	1.656240	0.089758	7089.331543
3218.552290	1.609684	0.089758	8486.537109
3218.553349	1.555638	0.089758	10133.958008
3218.554299	1.509027	0.089758	11567.533203
3218.555180	1.467242	0.089758	12860.173828
3218.556086	1.426322	0.089758	14152.421875
3218.557156	1.116222	0.089758	15346.779297
3218.558051	0.128844	0.089758	15462.094727
3218.558908	0.095266	0.089758	15543.737305
3218.559935	0.095310	0.089758	15641.621094
3218.560902	0.095284	0.089758	15733.760742
3218.561782	0.095365	0.089758	15817.681641
3218.562678	0.095347	0.089758	15903.112305
3218.563770	0.095387	0.089758	16007.274414
3218.564663	0.095303	0.089758	16092.379883
3218.565523	0.095321	0.089758	16174.356445
3218.566553	0.095402	0.089758	16272.620117
3219.618765	1.323325	0.080871	587.556396
3219.619871	1.800150	0.080871	2578.522461
3219.620833	1.752671	0.080871	4264.591797
3219.621708	1.701724	0.080871	5753.600098
3219.622761	1.643251	0.080871	7483.943359
3219.623790	1.588883	0.080871	9118.904297
3219.624684	1.544110	0.080871	10499.338867
3219.625646	1.498066	0.080871	11940.478516
3219.626708	1.448328	0.080871	13478.602539
3219.627648	1.406924	0.080871	14801.111328
3219.628519	0.749052	0.080871	15453.535156
3219.629579	0.096317	0.080871	15555.630859
3219.630589	0.095237	0.080871	15651.820312
3219.631472	0.095380	0.080871	15736.041016
3219.632456	0.095394	0.080871	15829.909180
3219.633506	0.095394	0.080871	15930.073242
3219.634412	0.095365	0.080871	16016.473633
3219.635267	0.095405	0.080871	16098.044922
3219.636343	0.095442	0.080871	16200.740234
3219.637343	0.095350	0.080871	16296.090820
3219.638219	0.095277	0.080871	16379.553711
3220.625923	1.337681	0.092384	663.489624
3220.626971	1.801212	0.092384	2551.160156
3220.627860	1.757662	0.092384	4113.721680
3220.628721	1.706785	0.092384	5583.263184
3220.629753	1.648484	0.092384	7284.498535
3220.630722	1.597998	0.092384	8832.958984
3220.631603	1.552394	0.092384	10200.618164
3220.632520	1.507467	0.092384	11582.965820
3220.633603	1.457882	0.092384	13161.851562
3220.634501	1.417870	0.092384	14435.098633
3220.635369	1.100889	0.092384	15390.669922
3220.636418	0.107498	0.092384	15503.434570
3220.637379	0.095251	0.092384	15594.971680
3220.638255	0.095284	0.092384	15678.440430
3220.639137	0.095347	0.092384	15762.536133
3220.640229	0.095365	0.092384	15866.674805
3220.641115	0.095273	0.092384	15951.086914
3220.641974	0.095295	0.092384	16032.945312
3220.643000	0.095446	0.092384	16130.872070
3220.643948	0.095310	0.092384	16221.225586
3220.644819	0.095248	0.092384	16304.186523
3221.698482	1.313976	0.077161	550.555847
3221.699586	1.800813	0.077161	2538.653564
3221.700561	1.753630	0.077161	4248.443359
3221.701431	1.703262	0.077161	5730.281250
3221.702499	1.643459	0.077161	7485.496094
3221.703541	1.588726	0.077161	9140.948242
3221.704437	1.543308	0.077161	10523.751953
3221.705375	1.498348	0.077161	11929.203125
3221.706421	1.449481	0.077161	13445.360352
3221.707368	1.407993	0.077161	14778.729492
3221.708238	0.786541	0.077161	15463.019531
3221.709281	0.096661	0.077161	15563.836914
3221.710283	0.095336	0.077161	15659.363281
3221.711165	0.095354	0.077161	15743.465820
3221.712128	0.095354	0.077161	15835.291992
3221.713174	0.095405	0.077161	15935.085937
3221.714095	0.095387	0.077161	16022.937500
3221.714951	0.095350	0.077161	16104.557617
3221.716007	0.095464	0.077161	16205.367187
3221.717013	0.095255	0.077161	16301.193359
3221.717906	0.095259	0.077161	16386.259766
3222.704311	1.299653	0.097520	545.854370
3222.705231	1.800483	0.097520	2202.299072
3222.706316	1.757889	0.097520	4109.608887
3222.707271	1.702467	0.097520	5735.464844
3222.708140	1.653387	0.097520	7172.258789
3222.709182	1.598170	0.097520	8837.551758
3222.710207	1.546333	0.097520	10422.542969
3222.711109	1.502091	0.097520	11777.428711
3222.712078	1.457747	0.097520	13189.985352
3222.713129	1.410963	0.097520	14672.907227
3222.714053	0.809670	0.097520	15421.042969
3222.714912	0.100118	0.097520	15507.044922
3222.715994	0.095479	0.097520	15610.352539
3222.716988	0.095354	0.097520	15705.134766
3222.717867	0.095365	0.097520	15788.960937
3222.718857	0.095394	0.097520	15883.401367
3222.719897	0.095310	0.097520	15982.523437
3222.720791	0.095314	0.097520	16067.734375
3222.721655	0.095299	0.097520	16150.073242
3222.722716	0.095405	0.097520	16251.297852
3222.723712	0.095358	0.097520	16346.274414
3223.776532	1.353343	0.077101	695.618530
3223.777447	1.803739	0.077101	2346.039551
3223.778372	1.762244	0.077101	3976.114746
3223.779259	1.710377	0.077101	5493.219238
3223.780250	1.653929	0.077101	7132.263184
3223.781201	1.603722	0.077101	8657.402344
3223.782103	1.557528	0.077101	10062.292969
3223.783091	1.510236	0.077101	11554.406250
3223.784012	1.465569	0.077101	12904.195312
3223.784924	1.425194	0.077101	14203.972656
3223.785797	1.281793	0.077101	15322.978516
3223.786767	0.170826	0.077101	15488.679687
3223.787691	0.095065	0.077101	15576.519531
3223.788577	0.095182	0.077101	15660.850586
3223.789522	0.095303	0.077101	15750.912109
3223.790499	0.095281	0.077101	15844.000977
3223.791425	0.095270	0.077101	15932.220703
3223.792290	0.095273	0.077101	16014.631836
3223.793320	0.095365	0.077101	16112.857422
3223.794194	0.095251	0.077101	16196.107422
3223.795108	0.094739	0.077101	16282.698242
