time (s)	coil I (A)	last det (V)	int current (uC)
4078.593826	1.397860	0.319868	717.102234
4078.594824	1.805178	0.319868	2518.670166
4078.595707	1.762687	0.319868	4075.122559
4078.596713	1.704547	0.319868	5789.896973
4078.597766	1.646587	0.319868	7523.752930
4078.598644	1.597914	0.319868	8926.721680
4078.599532	1.551149	0.319868	10304.141602
4078.600638	1.498865	0.319868	11961.885742
4078.601597	1.454410	0.319868	13356.665039
4078.602467	1.415420	0.319868	14588.080078
4078.603500	0.759064	0.319868	15372.193359
4078.604530	0.096101	0.319868	15471.177734
4078.605415	0.095215	0.319868	15555.443359
4078.606345	0.095295	0.319868	15644.068359
4078.607405	0.095288	0.319868	15745.074219
4078.608357	0.095178	0.319868	15835.683594
4078.609218	0.095164	0.319868	15917.619141
4078.610268	0.095284	0.319868	16017.667969
4078.611266	0.095153	0.319868	16112.629883
4078.612155	0.095303	0.319868	16197.354492
4078.613100	0.095189	0.319868	16287.308594
4079.597320	1.375646	0.421977	686.447205
4079.598246	1.806350	0.421977	2359.127441
4079.599115	1.767601	0.421977	3895.172852
4079.600153	1.707631	0.421977	5667.693359
4079.601179	1.650275	0.421977	7360.875000
4079.602075	1.602239	0.421977	8796.480469
4079.603050	1.553474	0.421977	10311.117187
4079.604119	1.500615	0.421977	11915.275391
4079.605049	1.456798	0.421977	13270.097656
4079.605917	1.417288	0.421977	14500.302734
4079.607020	0.755515	0.421977	15333.635742
4079.608010	0.096039	0.421977	15428.713867
4079.608903	0.095134	0.421977	15513.668945
4079.609894	0.095292	0.421977	15608.103516
4079.610938	0.095262	0.421977	15707.557617
4079.611843	0.095303	0.421977	15793.806641
4079.612700	0.095229	0.421977	15875.417969
4079.613794	0.095219	0.421977	15979.586914
4079.614760	0.095090	0.421977	16071.444336
4079.615620	0.095189	0.421977	16153.306641
4079.616693	0.095380	0.421977	16255.649414
4080.673831	1.370801	0.303585	732.007568
4080.674788	1.805614	0.303585	2459.979980
4080.675712	1.761643	0.303585	4087.738281
4080.676584	1.710099	0.303585	5578.944336
4080.677639	1.652157	0.303585	7321.969727
4080.678517	1.604282	0.303585	8730.529297
4080.679393	1.559656	0.303585	10096.788086
4080.680325	1.512931	0.303585	11506.839844
4080.681329	1.466038	0.303585	12978.741211
4080.682252	1.425385	0.303585	14294.371094
4080.683134	1.230355	0.303585	15379.543945
4080.684174	0.128320	0.303585	15512.997070
4080.685075	0.095182	0.303585	15598.755859
4080.685953	0.095215	0.303585	15682.354492
4080.686810	0.095281	0.303585	15764.009766
4080.687869	0.095262	0.303585	15864.892578
4080.688751	0.095171	0.303585	15948.833008
4080.689621	0.095123	0.303585	16031.589844
4080.690591	0.095314	0.303585	16124.043945
4080.691513	0.095090	0.303585	16211.716797
4080.692432	0.095204	0.303585	16299.208984
4081.679896	1.395278	0.403777	703.220276
4081.680921	1.803640	0.403777	2551.951416
4081.681820	1.759611	0.403777	4133.841309
4081.682778	1.704657	0.403777	5766.902832
4081.683842	1.644661	0.403777	7516.821777
4081.684785	1.594563	0.403777	9020.495117
4081.685658	1.549402	0.403777	10373.123047
4081.686746	1.497330	0.403777	12002.218750
4081.687738	1.451180	0.403777	13441.790039
4081.688642	1.411443	0.403777	14717.734375
4081.689649	0.676355	0.403777	15398.824219
4081.690693	0.095533	0.403777	15498.561523
4081.691595	0.095211	0.403777	15584.442383
4081.692457	0.095240	0.403777	15666.540039
4081.693548	0.095292	0.403777	15770.502930
4081.694510	0.095167	0.403777	15862.053711
4081.695383	0.095142	0.403777	15945.112305
4081.696408	0.095259	0.403777	16042.752930
4081.697449	0.095233	0.403777	16141.890625
4081.698330	0.095083	0.403777	16225.659180
4081.699205	0.095336	0.403777	16309.078125
4082.752442	1.302389	0.317495	549.608093
4082.753478	1.803918	0.317495	2418.467529
4082.754447	1.761409	0.317495	4125.272461
4082.755327	1.709374	0.317495	5629.521484
4082.756194	1.657295	0.317495	7066.395996
4082.757328	1.601224	0.317495	8882.184570
4082.758209	1.554481	0.317495	10251.682617
4082.759081	1.512543	0.317495	11570.620117
4082.760114	1.462888	0.317495	13081.783203
4082.761105	1.419331	0.317495	14488.339844
4082.761975	1.087793	0.317495	15434.719727
4082.763047	0.105520	0.317495	15547.836914
4082.764088	0.095087	0.317495	15646.822266
4082.764975	0.095149	0.317495	15731.219727
4082.765905	0.095321	0.317495	15819.868164
4082.766967	0.095306	0.317495	15921.083984
4082.767910	0.095072	0.317495	16010.737305
4082.768775	0.095127	0.317495	16093.022461
4082.769812	0.095149	0.317495	16191.692383
4082.770805	0.095098	0.317495	16286.124023
4082.771697	0.095101	0.317495	16370.954102
4083.759409	1.410190	0.398057	765.733398
4083.760462	1.802424	0.398057	2663.686035
4083.761384	1.754938	0.398057	4281.738770
4083.762249	1.702654	0.398057	5754.534180
4083.763370	1.642507	0.398057	7595.785156
4083.764343	1.591047	0.398057	9143.874023
4083.765206	1.546978	0.398057	10478.916016
4083.766284	1.494906	0.398057	12090.424805
4083.767319	1.447397	0.398057	13588.481445
4083.768208	1.407565	0.398057	14839.806641
4083.769148	0.678094	0.398057	15477.215820
4083.770201	0.095548	0.398057	15577.828125
4083.771138	0.095244	0.398057	15667.072266
4083.771994	0.095193	0.398057	15748.557617
4083.773023	0.095281	0.398057	15846.601562
4083.774046	0.095229	0.398057	15944.021484
4083.774942	0.095270	0.398057	16029.382812
4083.775894	0.095266	0.398057	16120.076172
4083.776941	0.095288	0.398057	16219.842773
4083.777873	0.095273	0.398057	16308.637695
4083.778736	0.095266	0.398057	16390.851562
4084.832534	1.368369	0.315295	704.710083
4084.833594	1.802823	0.315295	2615.702881
4084.834524	1.756099	0.315295	4248.874512
4084.835391	1.704108	0.315295	5726.335937
4084.836484	1.644562	0.315295	7523.841797
4084.837487	1.590432	0.315295	9119.044922
4084.838374	1.546604	0.315295	10490.882812
4084.839374	1.498088	0.315295	11988.970703
4084.840429	1.449738	0.315295	13518.443359
4084.841323	1.408978	0.315295	14778.070312
4084.842202	0.750762	0.315295	15437.990234
4084.843299	0.095984	0.315295	15543.284180
4084.844253	0.095189	0.315295	15634.094727
4084.845108	0.095292	0.315295	15715.569336
4084.846156	0.095350	0.315295	15815.496094
4084.847211	0.095295	0.315295	15916.033203
4084.848090	0.095255	0.315295	15999.762695
4084.849013	0.095358	0.315295	16087.777344
4084.850067	0.095321	0.315295	16188.246094
4084.851012	0.095193	0.315295	16278.203125
4084.851877	0.095186	0.315295	16360.539062
4085.839912	1.404730	0.385094	730.459717
4085.840864	1.805636	0.385094	2449.425293
4085.841738	1.764573	0.385094	3991.661865
4085.842635	1.710546	0.385094	5526.021484
4085.843735	1.651014	0.385094	7342.137207
4085.844637	1.602019	0.385094	8787.158203
4085.845504	1.557737	0.385094	10137.715820
4085.846529	1.507562	0.385094	11682.966797
4085.847497	1.462192	0.385094	13098.369141
4085.848380	1.423169	0.385094	14355.027344
4085.849274	1.076898	0.385094	15317.774414
4085.850374	0.107402	0.385094	15435.916992
4085.851265	0.095306	0.385094	15520.834961
4085.852126	0.095229	0.385094	15602.827148
4085.853171	0.095328	0.385094	15702.445312
4085.854129	0.095171	0.385094	15793.619141
4085.855001	0.095079	0.385094	15876.528320
4085.855857	0.095270	0.385094	15958.079102
4085.856973	0.095266	0.385094	16064.396484
4085.857846	0.095200	0.385094	16147.505859
4085.858724	0.095175	0.385094	16231.069336
4086.910661	1.330137	0.310276	575.949158
4086.911549	1.805830	0.310276	2179.526367
4086.912555	1.766338	0.310276	3956.462402
4086.913606	1.705789	0.310276	5749.246094
4086.914502	1.654460	0.310276	7231.642578
4086.915431	1.605718	0.310276	8723.354492
4086.916301	1.560454	0.310276	10080.949219
4086.917302	1.510536	0.310276	11592.996094
4086.918261	1.466125	0.310276	12999.010742
4086.919156	1.426315	0.310276	14275.562500
4086.920145	1.123169	0.310276	15386.376953
4086.921060	0.129485	0.310276	15504.855469
4086.921955	0.095109	0.310276	15589.977539
4086.922841	0.095120	0.310276	15674.253906
4086.923784	0.095259	0.310276	15764.083008
4086.924732	0.095138	0.310276	15854.273437
4086.925621	0.095255	0.310276	15938.955078
4086.926544	0.095204	0.310276	16026.828125
4086.927512	0.095193	0.310276	16118.974609
4086.928440	0.095248	0.310276	16207.364258
4086.929321	0.095164	0.310276	16291.203125
4087.920595	1.315356	0.363345	585.333557
4087.921455	1.805369	0.363345	2137.950684
4087.922471	1.766158	0.363345	3932.367676
4087.923535	1.705378	0.363345	5746.890137
4087.924418	1.654988	0.363345	7208.244141
4087.925327	1.605172	0.363345	8667.345703
4087.926419	1.550325	0.363345	10360.300781
4087.927369	1.504497	0.363345	11789.573242
4087.928243	1.462544	0.363345	13067.836914
4087.929271	1.417060	0.363345	14524.575195
4087.930306	0.809685	0.363345	15362.599609
4087.931202	0.098584	0.363345	15450.930664
4087.932158	0.095277	0.363345	15542.015625
4087.933212	0.095204	0.363345	15642.360352
4087.934141	0.095142	0.363345	15730.747070
4087.935004	0.095219	0.363345	15812.920898
4087.936060	0.095372	0.363345	15913.633789
4087.937056	0.095233	0.363345	16008.486328
4087.937944	0.095171	0.363345	16092.998047
4087.938922	0.095314	0.363345	16186.214844
4087.939955	0.095303	0.363345	16284.662109
4088.989971	1.390206	0.297100	702.054138
4088.990873	1.806632	0.297100	2331.636230
4088.991739	1.766631	0.297100	3861.538574
4088.992864	1.704056	0.297100	5778.602051
4088.993834	1.649656	0.297100	7378.768066
4088.994698	1.603414	0.297100	8764.118164
4088.995771	1.549274	0.297100	10426.488281
4088.996813	1.498744	0.297100	11988.179687
4088.997692	1.456135	0.297100	13268.123047
4088.998631	1.414882	0.297100	14596.697266
4088.999701	0.695116	0.297100	15340.471680
4089.000643	0.096090	0.297100	15430.988281
4089.001508	0.095204	0.297100	15513.339844
4089.002552	0.095347	0.297100	15612.881836
4089.003577	0.095295	0.297100	15710.559570
4089.004468	0.095160	0.297100	15795.346680
4089.005429	0.095248	0.297100	15886.879883
4089.006480	0.095270	0.297100	15987.008789
4089.007414	0.095186	0.297100	16075.912109
4089.008274	0.095164	0.297100	16157.752930
4089.009363	0.095405	0.297100	16261.649414
4090.003909	1.313573	0.339844	571.404236
4090.004776	1.804614	0.339844	2136.004883
4090.005849	1.763412	0.339844	4028.145996
4090.006860	1.704225	0.339844	5751.117187
4090.007759	1.654080	0.339844	7238.134766
4090.008726	1.602946	0.339844	8788.183594
4090.009775	1.549471	0.339844	10413.579102
4090.010694	1.503677	0.339844	11795.458008
4090.011555	1.462236	0.339844	13054.443359
4090.012651	1.415112	0.339844	14605.406250
4090.013655	0.773232	0.339844	15381.731445
4090.014542	0.098628	0.339844	15469.214844
4090.015463	0.095208	0.339844	15556.901367
4090.016322	0.095288	0.339844	15638.753906
4090.017305	0.095292	0.339844	15732.425781
4090.018229	0.095167	0.339844	15820.360352
4090.019105	0.095277	0.339844	15903.823242
4090.020112	0.095262	0.339844	15999.752930
4090.021009	0.095233	0.339844	16085.176758
4090.021935	0.095204	0.339844	16173.335937
4090.022798	0.095266	0.339844	16255.550781
4091.068757	1.429526	0.269389	829.125244
4091.069819	1.801608	0.269389	2742.432617
4091.070707	1.754323	0.269389	4300.270996
4091.071584	1.701101	0.269389	5792.136719
4091.072687	1.641947	0.269389	7603.204102
4091.073651	1.591611	0.269389	9137.517578
4091.074512	1.547245	0.269389	10469.695312
4091.075535	1.496949	0.269389	12001.074219
4091.076598	1.449181	0.269389	13541.553711
4091.077479	1.408982	0.269389	14782.867187
4091.078429	0.707446	0.269389	15454.941406
4091.079495	0.095537	0.269389	15556.784180
4091.080424	0.095259	0.269389	15645.279297
4091.081295	0.095233	0.269389	15728.227539
4091.082337	0.095306	0.269389	15827.537109
4091.083356	0.095328	0.269389	15924.676758
4091.084248	0.095193	0.269389	16009.588867
4091.085205	0.095153	0.269389	16100.649414
4091.086251	0.095266	0.269389	16200.297852
4091.087176	0.095255	0.269389	16288.409180
4091.088037	0.095299	0.269389	16370.461914
4092.085326	1.437455	0.317821	822.224182
4092.086390	1.801772	0.317821	2739.310059
4092.087265	1.755059	0.317821	4274.986328
4092.088149	1.701537	0.317821	5779.145020
4092.089266	1.641500	0.317821	7612.700684
4092.090228	1.590330	0.317821	9142.597656
4092.091099	1.546454	0.317821	10489.558594
4092.092113	1.497034	0.317821	12007.550781
4092.093162	1.448888	0.317821	13527.434570
4092.094059	1.409132	0.317821	14791.425781
4092.095017	0.698163	0.317821	15460.265625
4092.096081	0.095592	0.317821	15561.975586
4092.097016	0.095208	0.317821	15650.994141
4092.097881	0.095259	0.317821	15733.392578
4092.098938	0.095361	0.317821	15834.189453
4092.099943	0.095200	0.317821	15929.865234
4092.100835	0.095237	0.317821	16014.816406
4092.101796	0.095372	0.317821	16106.468750
4092.102838	0.094783	0.317821	16205.232422
4092.103759	0.095057	0.317821	16292.780273
4092.104620	0.095237	0.317821	16374.779297
4093.146603	1.367000	0.281208	627.452759
4093.147488	1.805779	0.281208	2225.566895
4093.148360	1.771970	0.281208	3770.725098
4093.149360	1.714362	0.281208	5485.086914
4093.150288	1.660686	0.281208	7026.203613
4093.151206	1.611738	0.281208	8505.779297
4093.152092	1.564904	0.281208	9892.284180
4093.153127	1.515399	0.281208	11460.722656
4093.154022	1.471926	0.281208	12778.096680
4093.154900	1.432789	0.281208	14036.085937
4093.155876	1.276047	0.281208	15281.507812
4093.156846	0.170636	0.281208	15447.024414
4093.157771	0.095186	0.281208	15535.071289
4093.158635	0.095219	0.281208	15617.339844
4093.159675	0.095273	0.281208	15716.423828
4093.160556	0.095266	0.281208	15800.353516
4093.161423	0.095219	0.281208	15882.908203
4093.162311	0.095229	0.281208	15967.471680
4093.163333	0.095288	0.281208	16064.856445
4093.164228	0.095098	0.281208	16149.968750
4093.165103	0.095237	0.281208	16233.300781
4094.166031	1.389551	0.325471	707.281311
4094.166934	1.806068	0.325471	2338.160889
4094.167802	1.766730	0.325471	3871.682129
4094.168899	1.704313	0.325471	5741.313477
4094.169897	1.648315	0.325471	7386.332031
4094.170797	1.601052	0.325471	8827.279297
4094.171801	1.550164	0.325471	10383.643555
4094.172867	1.498740	0.325471	11981.300781
4094.173762	1.456007	0.325471	13284.426758
4094.174659	1.415273	0.325471	14553.926758
4094.175764	0.701298	0.325471	15328.860352
4094.176715	0.095969	0.325471	15420.126953
4094.177577	0.095204	0.325471	15502.192383
4094.178628	0.095409	0.325471	15602.466797
4094.179659	0.095277	0.325471	15700.697266
4094.180548	0.095314	0.325471	15785.431641
4094.181495	0.095358	0.325471	15875.735352
4094.182537	0.095299	0.325471	15975.037109
4094.183479	0.095208	0.325471	16064.722656
4094.184338	0.095237	0.325471	16146.531250
4094.185383	0.095387	0.325471	16246.210937
4095.226128	1.381849	0.276003	696.452087
4095.227007	1.806280	0.276003	2284.172607
4095.227924	1.766389	0.276003	3903.951416
4095.229005	1.704229	0.276003	5746.222656
4095.229964	1.650773	0.276003	7329.313477
4095.230837	1.604019	0.276003	8729.622070
4095.231874	1.550702	0.276003	10337.700195
4095.232911	1.500633	0.276003	11893.857422
4095.233815	1.458252	0.276003	13212.117187
4095.234766	1.416775	0.276003	14559.469727
4095.235835	0.739757	0.276003	15350.270508
4095.236764	0.096738	0.276003	15440.140625
4095.237624	0.095273	0.276003	15522.076172
4095.238700	0.095347	0.276003	15624.668945
4095.239692	0.095229	0.276003	15719.136719
4095.240582	0.095251	0.276003	15803.910156
4095.241549	0.095380	0.276003	15896.142578
4095.242589	0.095277	0.276003	15995.230469
4095.243494	0.095295	0.276003	16081.472656
4095.244351	0.095281	0.276003	16163.127930
4095.245441	0.095361	0.276003	16267.072266
4096.247741	1.311815	0.317769	556.209656
4096.248613	1.802318	0.317769	2127.831055
4096.249679	1.763199	0.317769	4007.401611
4096.250580	1.710619	0.317769	5548.668945
4096.251467	1.660338	0.317769	7021.388672
4096.252469	1.607900	0.317769	8632.504883
4096.253417	1.558389	0.317769	10109.857422
4096.254314	1.514187	0.317769	11468.083008
4096.255307	1.467968	0.317769	12925.775391
4096.256288	1.423960	0.317769	14322.679687
4096.257183	1.197572	0.317769	15394.506836
4096.258047	0.152897	0.317769	15526.609375
4096.259133	0.095262	0.317769	15630.064453
4096.260041	0.095284	0.317769	15716.583008
4096.260913	0.095116	0.317769	15799.524414
4096.261887	0.095310	0.317769	15892.356445
4096.262886	0.095270	0.317769	15987.531250
4096.263775	0.095134	0.317769	16072.105469
4096.264636	0.095317	0.317769	16154.173828
4096.265700	0.095317	0.317769	16255.591797
4096.266632	0.095186	0.317769	16344.304687
4097.305608	1.378923	0.278263	690.840576
4097.306533	1.806134	0.278263	2361.514648
4097.307400	1.766891	0.278263	3893.409180
4097.308477	1.704990	0.278263	5729.683594
4097.309486	1.648605	0.278263	7393.125977
4097.310383	1.600430	0.278263	8828.710937
4097.311362	1.551434	0.278263	10347.565430
4097.312421	1.499857	0.278263	11935.914062
4097.313339	1.456208	0.278263	13272.712891
4097.314207	1.416797	0.278263	14502.492187
4097.315291	0.773276	0.278263	15340.723633
4097.316285	0.096442	0.278263	15436.586914
4097.317165	0.095299	0.278263	15520.450195
4097.318160	0.095244	0.278263	15615.217773
4097.319204	0.095317	0.278263	15714.729492
4097.320091	0.095079	0.278263	15799.064453
4097.320962	0.095156	0.278263	15881.945312
4097.322078	0.095391	0.278263	15988.401367
4097.323035	0.095153	0.278263	16079.461914
4097.323892	0.095215	0.278263	16161.060547
4097.324902	0.095409	0.278263	16257.423828
4098.327483	1.328046	0.315718	561.763367
4098.328604	1.802358	0.315718	2582.207031
4098.329573	1.755234	0.315718	4283.029297
4098.330446	1.704174	0.315718	5770.772949
4098.331463	1.647224	0.315718	7446.000000
4098.332507	1.592531	0.315718	9108.601562
4098.333400	1.546414	0.315718	10489.548828
4098.334324	1.501750	0.315718	11877.166016
4098.335402	1.451612	0.315718	13442.003906
4098.336359	1.409608	0.315718	14790.999023
4098.337234	0.789609	0.315718	15481.907227
4098.338302	0.096343	0.315718	15584.801758
4098.339312	0.095200	0.315718	15680.954102
4098.340203	0.095189	0.315718	15765.767578
4098.341165	0.095446	0.315718	15857.585937
4098.342216	0.095149	0.315718	15957.587891
4098.343138	0.095240	0.315718	16045.399414
4098.343998	0.095255	0.315718	16127.318359
4098.345052	0.095416	0.315718	16227.886719
4098.346051	0.095306	0.315718	16323.097656
4098.346933	0.095306	0.315718	16407.158203
4099.384505	1.328580	0.288858	563.318054
4099.385623	1.803241	0.288858	2579.341553
4099.386532	1.758827	0.288858	4178.115234
4099.387400	1.708176	0.288858	5660.812500
4099.388449	1.649165	0.288858	7390.786621
4099.389429	1.597310	0.288858	8956.150391
4099.390312	1.552588	0.288858	10327.085937
4099.391183	1.507251	0.288858	11639.901367
4099.392301	1.457820	0.288858	13269.744141
4099.393206	1.417632	0.288858	14552.701172
4099.394071	1.048748	0.288858	15459.868164
4099.395132	0.104099	0.288858	15570.317383
4099.396098	0.095149	0.288858	15662.231445
4099.396978	0.095226	0.288858	15746.030273
4099.397834	0.095365	0.288858	15827.663086
4099.398936	0.095347	0.288858	15932.735352
4099.399815	0.095211	0.288858	16016.425781
4099.400690	0.095314	0.288858	16099.825195
4099.401671	0.095303	0.288858	16193.317383
4099.402662	0.095233	0.288858	16287.693359
4099.403548	0.095233	0.288858	16372.070312
4100.407881	1.460317	0.318861	827.999939
4100.408929	1.801893	0.318861	2716.384033
4100.409824	1.754696	0.318861	4286.836914
4100.410742	1.701295	0.318861	5848.625977
4100.411822	1.642094	0.318861	7622.086914
4100.412769	1.591641	0.318861	9129.371094
4100.413636	1.547380	0.318861	10470.950195
4100.414693	1.496649	0.318861	12052.908203
4100.415713	1.449441	0.318861	13531.337891
4100.416605	1.409810	0.318861	14788.887695
4100.417581	0.702301	0.318861	15474.333984
4100.418633	0.095658	0.318861	15574.965820
4100.419555	0.095288	0.318861	15662.821289
4100.420412	0.095171	0.318861	15744.382812
4100.421458	0.095347	0.318861	15844.115234
4100.422461	0.095226	0.318861	15939.626953
4100.423353	0.095229	0.318861	16024.571289
4100.424316	0.095369	0.318861	16116.411133
4100.425367	0.095317	0.318861	16216.589844
4100.426291	0.095244	0.318861	16304.595703
4100.427151	0.095270	0.318861	16386.527344
4101.465824	1.360572	0.261735	612.257629
4101.466704	1.805684	0.261735	2201.259277
4101.467705	1.765690	0.261735	3968.714844
4101.468762	1.704562	0.261735	5770.436523
4101.469658	1.653424	0.261735	7251.904297
4101.470531	1.604491	0.261735	8652.625000
4101.471639	1.550435	0.261735	10370.506836
4101.472600	1.503852	0.261735	11815.708984
4101.473463	1.461856	0.261735	13077.290039
4101.474484	1.416731	0.261735	14523.772461
4101.475556	0.782615	0.261735	15362.735352
4101.476429	0.098331	0.261735	15448.578125
4101.477360	0.095273	0.261735	15537.277344
4101.478448	0.095299	0.261735	15640.962891
4101.479391	0.095131	0.261735	15730.670898
4101.480259	0.095281	0.261735	15813.375000
4101.481296	0.095398	0.261735	15912.302734
4101.482308	0.095262	0.261735	16008.708008
4101.483199	0.095208	0.261735	16093.538086
4101.484155	0.095292	0.261735	16184.636719
4101.485205	0.095215	0.261735	16284.612305
4102.486968	1.309944	0.293136	551.486328
4102.488040	1.802981	0.293136	2484.281738
4102.489041	1.755062	0.293136	4241.099121
4102.489941	1.703214	0.293136	5773.991699
4102.490939	1.647938	0.293136	7418.633789
4102.491993	1.591992	0.293136	9096.593750
4102.492897	1.545747	0.293136	10493.949219
4102.493765	1.501421	0.293136	11797.182617
4102.494885	1.451499	0.293136	13422.861328
4102.495852	1.408901	0.293136	14785.268555
4102.496728	0.781491	0.293136	15469.854492
4102.497758	0.096925	0.293136	15569.687500
4102.498782	0.095332	0.293136	15667.307617
4102.499675	0.095321	0.293136	15752.429687
4102.500591	0.095339	0.293136	15839.760742
4102.501636	0.095424	0.293136	15939.478516
4102.502576	0.095153	0.293136	16028.921875
4102.503434	0.095204	0.293136	16110.606445
4102.504482	0.095405	0.293136	16210.590820
4102.505511	0.095328	0.293136	16308.683594
4102.506394	0.095339	0.293136	16392.869141
4103.545574	1.368362	0.263205	623.973022
4103.546456	1.805398	0.263205	2216.333984
4103.547332	1.771864	0.263205	3768.486816
4103.548350	1.714065	0.263205	5513.404785
4103.549270	1.660107	0.263205	7040.703613
4103.550183	1.611064	0.263205	8511.605469
4103.551060	1.564962	0.263205	9884.077148
4103.552090	1.515128	0.263205	11444.659180
4103.552989	1.472399	0.263205	12768.345703
4103.553872	1.432654	0.263205	14033.378906
4103.554844	1.272598	0.263205	15270.343750
4103.555813	0.169061	0.263205	15434.164062
4103.556743	0.095200	0.263205	15522.700195
4103.557607	0.095251	0.263205	15604.997070
4103.558631	0.095222	0.263205	15702.504883
4103.559511	0.095292	0.263205	15786.361328
4103.560388	0.095380	0.263205	15870.008789
4103.561287	0.095277	0.263205	15955.663086
4103.562297	0.095215	0.263205	16051.830078
4103.563195	0.095314	0.263205	16137.421875
4103.564078	0.095306	0.263205	16221.577148
4104.564744	1.377154	0.285494	685.822937
4104.565690	1.805350	0.285494	2393.684326
4104.566562	1.765371	0.285494	3933.087891
4104.567607	1.705031	0.285494	5714.844727
4104.568636	1.647616	0.285494	7410.241699
4104.569536	1.599240	0.285494	8849.557617
4104.570501	1.551167	0.285494	10346.433594
4104.571558	1.499224	0.285494	11931.113281
4104.572493	1.455736	0.285494	13292.226562
4104.573356	1.416574	0.285494	14514.729492
4104.574431	0.768051	0.285494	15340.383789
4104.575428	0.096200	0.285494	15436.294922
4104.576315	0.095160	0.285494	15520.702148
4104.577292	0.095219	0.285494	15613.730469
4104.578340	0.095314	0.285494	15713.619141
4104.579247	0.095197	0.285494	15799.962891
4104.580107	0.095175	0.285494	15881.813477
4104.581191	0.095277	0.285494	15985.093750
4104.582198	0.095295	0.285494	16081.056641
4104.583071	0.095167	0.285494	16164.137695
4104.584058	0.095391	0.285494	16258.288086
4105.626828	1.322838	0.256804	586.017334
4105.627910	1.802787	0.256804	2536.632812
4105.628880	1.756282	0.256804	4240.226074
4105.629750	1.705038	0.256804	5723.608887
4105.630771	1.647986	0.256804	7406.202148
4105.631820	1.592992	0.256804	9077.250977
4105.632714	1.547468	0.256804	10460.687500
4105.633654	1.501560	0.256804	11872.154297
4105.634730	1.451667	0.256804	13434.148437
4105.635676	1.409550	0.256804	14767.582031
4105.636547	0.802661	0.256804	15466.700195
4105.637600	0.096720	0.256804	15568.545898
4105.638605	0.095175	0.256804	15664.196289
4105.639495	0.095347	0.256804	15749.054687
4105.640467	0.095336	0.256804	15841.720703
4105.641508	0.095376	0.256804	15941.006836
4105.642422	0.095262	0.256804	16028.077148
4105.643279	0.095273	0.256804	16109.726562
4105.644359	0.095365	0.256804	16212.720703
4105.645361	0.095244	0.256804	16308.155273
4105.646235	0.095328	0.256804	16391.472656
4106.643138	1.315682	0.285071	564.427734
4106.644013	1.805061	0.285071	2143.855957
4106.644991	1.769978	0.285071	3874.894531
4106.645896	1.716204	0.285071	5428.058594
4106.646774	1.666000	0.285071	6890.806641
4106.647664	1.615236	0.285071	8328.366211
4106.648697	1.563970	0.285071	9943.947266
4106.649631	1.518336	0.285071	11362.073242
4106.650518	1.475548	0.285071	12670.884766
4106.651554	1.429614	0.285071	14151.964844
4106.652462	1.275992	0.285071	15310.566406
4106.653390	0.173481	0.285071	15471.557617
4106.654251	0.095244	0.285071	15553.562500
4106.655300	0.095262	0.285071	15653.493164
4106.656192	0.095266	0.285071	15738.470703
4106.657064	0.095244	0.285071	15821.523437
4106.658066	0.095339	0.285071	15917.053711
4106.658986	0.095288	0.285071	16004.718750
4106.659909	0.095211	0.285071	16092.598633
4106.660769	0.095402	0.285071	16174.643555
4106.661793	0.095350	0.285071	16272.282227
4107.708387	1.359562	0.255084	628.117554
4107.709268	1.805585	0.255084	2218.837891
4107.710237	1.767034	0.255084	3931.093506
4107.711288	1.705569	0.255084	5723.646484
4107.712217	1.652915	0.255084	7259.204590
4107.713081	1.605590	0.255084	8646.433594
4107.714162	1.551694	0.255084	10323.815430
4107.715170	1.501966	0.255084	11837.797852
4107.716051	1.461361	0.255084	13125.256836
4107.717061	1.416888	0.255084	14556.314453
4107.718110	0.800889	0.255084	15396.446289
4107.718999	0.098789	0.255084	15484.269531
4107.719855	0.095314	0.255084	15565.858398
4107.720927	0.095358	0.255084	15668.082031
4107.721898	0.095284	0.255084	15760.603516
4107.722778	0.095255	0.255084	15844.427734
4107.723779	0.095457	0.255084	15939.979492
4107.724825	0.095277	0.255084	16039.639648
4107.725716	0.095255	0.255084	16124.511719
4107.726582	0.095325	0.255084	16207.062500
4107.727675	0.095457	0.255084	16311.396484
4108.720920	1.407213	0.298872	713.457031
4108.721887	1.804904	0.298872	2458.798828
4108.722758	1.764298	0.298872	3995.502441
4108.723797	1.703760	0.298872	5765.708984
4108.724840	1.646085	0.298872	7482.576172
4108.725729	1.598555	0.298872	8903.691406
4108.726673	1.550607	0.298872	10367.463867
4108.727736	1.498663	0.298872	11960.542969
4108.728677	1.454176	0.298872	13328.922852
4108.729539	1.415629	0.298872	14549.195312
4108.730586	0.768212	0.298872	15353.512695
4108.731609	0.096035	0.298872	15451.756836
4108.732499	0.095193	0.298872	15536.478516
4108.733466	0.095431	0.298872	15628.759766
4108.734513	0.095251	0.298872	15728.488281
4108.735432	0.095233	0.298872	15816.007812
4108.736296	0.095186	0.298872	15898.248047
4108.737377	0.095288	0.298872	16001.254883
4108.738365	0.095167	0.298872	16095.280273
4108.739261	0.095200	0.298872	16180.580078
4108.740241	0.095306	0.298872	16273.980469
4109.788880	1.323065	0.257928	578.179504
4109.789758	1.805087	0.257928	2163.045654
4109.790661	1.769967	0.257928	3761.325928
4109.791712	1.710535	0.257928	5559.097656
4109.792586	1.660309	0.257928	7010.207520
4109.793466	1.613665	0.257928	8430.232422
4109.794455	1.562732	0.257928	9975.774414
4109.795385	1.516501	0.257928	11386.121094
4109.796312	1.472197	0.257928	12750.847656
4109.797178	1.432130	0.257928	13991.072266
4109.798230	1.272990	0.257928	15330.256836
4109.799126	0.171940	0.257928	15484.314453
4109.800002	0.095189	0.257928	15567.700195
4109.801012	0.095343	0.257928	15663.997070
4109.801935	0.095123	0.257928	15751.795898
4109.802853	0.095350	0.257928	15839.327148
4109.803711	0.095138	0.257928	15920.955078
4109.804734	0.095240	0.257928	16018.385742
4109.805617	0.095314	0.257928	16102.547852
4109.806490	0.095138	0.257928	16185.603516
4109.807417	0.095266	0.257928	16273.915039
4110.800179	1.435554	0.300765	785.248169
4110.801231	1.801608	0.300765	2680.539551
4110.802122	1.755978	0.300765	4245.115723
4110.803030	1.702090	0.300765	5790.613281
4110.804123	1.641636	0.300765	7584.920898
4110.805091	1.590626	0.300765	9124.647461
4110.805963	1.546143	0.300765	10472.883789
4110.807011	1.495668	0.300765	12040.343750
4110.808030	1.448324	0.300765	13516.185547
4110.808936	1.408759	0.300765	14792.520508
4110.809902	0.685023	0.300765	15454.252930
4110.810948	0.095427	0.300765	15554.070312
4110.811877	0.095145	0.300765	15642.459961
4110.812736	0.095149	0.300765	15724.193359
4110.813805	0.095208	0.300765	15825.969727
4110.814805	0.095094	0.300765	15921.063477
4110.815693	0.095244	0.300765	16005.640625
4110.816675	0.095244	0.300765	16099.169922
4110.817713	0.095292	0.300765	16198.083008
4110.818626	0.095237	0.300765	16285.034180
4110.819483	0.095295	0.300765	16366.702148
4111.870515	1.418723	0.245251	749.085815
4111.871478	1.804783	0.245251	2487.091553
4111.872356	1.762690	0.245251	4034.733887
4111.873369	1.703617	0.245251	5760.498047
4111.874416	1.645690	0.245251	7483.535156
4111.875313	1.597097	0.245251	8916.130859
4111.876208	1.550284	0.245251	10303.635742
4111.877312	1.497916	0.245251	11957.334961
4111.878269	1.453436	0.245251	13348.273437
4111.879145	1.414607	0.245251	14587.468750
4111.880184	0.745818	0.245251	15362.373047
4111.881217	0.095768	0.245251	15461.300781
4111.882108	0.095145	0.245251	15546.075195
4111.883056	0.094955	0.245251	15636.092773
4111.884103	0.095295	0.245251	15735.867187
4111.885046	0.095193	0.245251	15825.633789
4111.885906	0.095211	0.245251	15907.515625
4111.886970	0.095358	0.245251	16008.976562
4111.887964	0.095178	0.245251	16103.583984
4111.888848	0.095186	0.245251	16187.727539
4111.889820	0.095369	0.245251	16280.425781
4112.879310	1.330825	0.304387	584.232239
4112.880171	1.802985	0.304387	2136.602051
4112.881237	1.763434	0.304387	4016.422363
4112.882118	1.711227	0.304387	5524.013184
4112.883001	1.661649	0.304387	6991.249512
4112.883981	1.609299	0.304387	8568.363281
4112.884934	1.559553	0.304387	10054.617187
4112.885852	1.515183	0.304387	11445.555664
4112.886730	1.472648	0.304387	12738.540039
4112.887767	1.427194	0.304387	14218.540039
4112.888663	1.266478	0.304387	15353.304687
4112.889548	0.178055	0.304387	15510.883789
4112.890489	0.095226	0.304387	15600.491211
4112.891479	0.095204	0.304387	15694.743164
4112.892397	0.095222	0.304387	15782.157227
4112.893260	0.095277	0.304387	15864.381836
4112.894303	0.095277	0.304387	15963.755859
4112.895173	0.095153	0.304387	16046.539062
4112.896053	0.095222	0.304387	16130.334961
4112.896914	0.095303	0.304387	16212.390625
4112.897975	0.095288	0.304387	16313.491211
4113.949978	1.403361	0.241005	711.503845
4113.951007	1.803197	0.241005	2566.993652
4113.951904	1.758746	0.241005	4144.588867
4113.952866	1.703639	0.241005	5783.489258
4113.953929	1.643529	0.241005	7530.560547
4113.954873	1.593717	0.241005	9035.029297
4113.955743	1.548886	0.241005	10382.559570
4113.956832	1.496389	0.241005	12012.126953
4113.957828	1.450426	0.241005	13456.750977
4113.958727	1.410366	0.241005	14724.669922
4113.959717	0.691172	0.241005	15408.929687
4113.960758	0.095676	0.241005	15508.528320
4113.961669	0.095208	0.241005	15595.262695
4113.962528	0.095369	0.241005	15677.184570
4113.963613	0.095321	0.241005	15780.607422
4113.964599	0.095145	0.241005	15874.420898
4113.965479	0.095164	0.241005	15958.165039
4113.966477	0.095281	0.241005	16053.254883
4113.967536	0.095178	0.241005	16154.048828
4113.968416	0.095087	0.241005	16237.724609
4113.969273	0.095233	0.241005	16319.339844
4114.958779	1.304667	0.305128	554.483398
4114.959793	1.802538	0.305128	2382.256836
4114.960845	1.755681	0.305128	4229.233398
4114.961742	1.703452	0.305128	5757.229980
4114.962670	1.651340	0.305128	7289.673828
4114.963737	1.594526	0.305128	8991.033203
4114.964683	1.547153	0.305128	10454.640625
4114.965552	1.504193	0.305128	11761.784180
4114.966601	1.455256	0.305128	13288.347656
4114.967620	1.410531	0.305128	14725.678711
4114.968522	0.802064	0.305128	15449.140625
4114.969483	0.099565	0.305128	15544.823242
4114.970538	0.095219	0.305128	15645.278320
4114.971469	0.095109	0.305128	15733.824219
4114.972332	0.095178	0.305128	15815.962891
4114.973393	0.095339	0.305128	15917.118164
4114.974389	0.095098	0.305128	16011.834961
4114.975276	0.095186	0.305128	16096.264648
4114.976266	0.095182	0.305128	16190.495117
4114.977312	0.095251	0.305128	16290.127930
4114.978216	0.095142	0.305128	16376.135742
4116.028859	1.310504	0.247571	555.653748
4116.029735	1.804515	0.247571	2136.409180
4116.030699	1.770172	0.247571	3842.854980
4116.031605	1.715867	0.247571	5397.430176
4116.032523	1.664418	0.247571	6925.365723
4116.033402	1.616455	0.247571	8346.229492
4116.034360	1.566270	0.247571	9846.715820
4116.035318	1.520142	0.247571	11303.011719
4116.036215	1.476965	0.247571	12627.849609
4116.037203	1.433679	0.247571	14044.324219
4116.038129	1.332755	0.247571	15278.455078
4116.039055	0.221693	0.247571	15483.743164
4116.039911	0.095105	0.247571	15565.153320
4116.040944	0.095123	0.247571	15663.416016
4116.041839	0.095193	0.247571	15748.613281
4116.042759	0.095211	0.247571	15836.208008
4116.043621	0.095270	0.247571	15918.330078
4116.044623	0.095204	0.247571	16013.724609
4116.045549	0.095237	0.247571	16101.914062
4116.046417	0.095189	0.247571	16184.538086
4116.047458	0.095237	0.247571	16283.679687
4117.039892	1.387668	0.288962	695.221863
4117.040906	1.803761	0.288962	2524.235596
4117.041787	1.760911	0.288962	4075.597900
4117.042790	1.703328	0.288962	5784.035645
4117.043838	1.645199	0.288962	7508.204102
4117.044734	1.596493	0.288962	8938.662109
4117.045594	1.550468	0.288962	10272.064453
4117.046699	1.499363	0.288962	11928.860352
4117.047670	1.454213	0.288962	13340.900391
4117.048534	1.415394	0.288962	14563.800781
4117.049617	0.702935	0.288962	15325.079102
4117.050664	0.095577	0.288962	15425.148437
4117.051553	0.095262	0.288962	15509.836914
4117.052483	0.095208	0.288962	15598.379883
4117.053554	0.095277	0.288962	15700.421875
4117.054488	0.095094	0.288962	15789.239258
4117.055355	0.095193	0.288962	15871.771484
4117.056393	0.095295	0.288962	15970.688477
4117.057400	0.095211	0.288962	16066.566406
4117.058300	0.095138	0.288962	16152.190430
4117.059253	0.095288	0.288962	16243.000000
4118.107857	1.329792	0.242596	587.768311
4118.108728	1.804937	0.242596	2159.868164
4118.109710	1.766638	0.242596	3894.706787
4118.110731	1.706880	0.242596	5637.431152
4118.111631	1.656778	0.242596	7128.531738
4118.112501	1.608164	0.242596	8527.634766
4118.113588	1.554331	0.242596	10217.192383
4118.114520	1.508448	0.242596	11623.066406
4118.115408	1.466847	0.242596	12925.626953
4118.116379	1.423641	0.242596	14307.982422
4118.117396	1.045726	0.242596	15371.486328
4118.118298	0.112859	0.242596	15473.285156
4118.119162	0.095197	0.242596	15555.535156
4118.120243	0.095208	0.242596	15658.454102
4118.121162	0.095156	0.242596	15745.902344
4118.122042	0.095171	0.242596	15829.652344
4118.123038	0.095248	0.242596	15924.519531
4118.124046	0.095175	0.242596	16020.455078
4118.124933	0.095229	0.242596	16104.923828
4118.125789	0.095361	0.242596	16186.552734
4118.126827	0.095325	0.242596	16285.500000
4119.118774	1.322018	0.289430	555.247498
4119.119890	1.802314	0.289430	2566.630371
4119.120853	1.755612	0.289430	4257.284180
4119.121721	1.704796	0.289430	5737.046875
4119.122766	1.646682	0.289430	7457.829590
4119.123802	1.592175	0.289430	9107.323242
4119.124688	1.546904	0.289430	10477.880859
4119.125633	1.501263	0.289430	11896.574219
4119.126708	1.451078	0.289430	13456.483398
4119.127645	1.409656	0.289430	14777.331055
4119.128512	0.808019	0.289430	15477.882812
4119.129579	0.096687	0.289430	15581.047852
4119.130586	0.095200	0.289430	15676.914062
4119.131461	0.095208	0.289430	15760.220703
4119.132423	0.095358	0.289430	15851.955078
4119.133479	0.095321	0.289430	15952.614258
4119.134392	0.095292	0.289430	16039.615234
4119.135254	0.095233	0.289430	16121.706055
4119.136326	0.095369	0.289430	16223.941406
4119.137327	0.095160	0.289430	16319.196289
4119.138216	0.095229	0.289430	16403.855469
4120.188087	1.300071	0.242737	547.329834
4120.189065	1.801589	0.242737	2309.284180
4120.190124	1.758234	0.242737	4171.253906
4120.191041	1.704613	0.242737	5734.384277
4120.191909	1.653885	0.242737	7169.957031
4120.192994	1.597877	0.242737	8903.653320
4120.193962	1.547992	0.242737	10402.109375
4120.194844	1.505486	0.242737	11729.948242
4120.195858	1.458915	0.242737	13209.288086
4120.196913	1.412732	0.242737	14699.720703
4120.197803	0.848767	0.242737	15455.123047
4120.198670	0.101528	0.242737	15543.148437
4120.199767	0.095259	0.242737	15647.647461
4120.200728	0.095251	0.242737	15739.184570
4120.201590	0.095204	0.242737	15821.250000
4120.202626	0.095361	0.242737	15920.043945
4120.203657	0.095255	0.242737	16018.251953
4120.204530	0.095306	0.242737	16101.454102
4120.205444	0.095295	0.242737	16188.553711
4120.206520	0.095336	0.242737	16291.134766
4120.207466	0.095277	0.242737	16381.266602
4121.197762	1.309208	0.291722	561.650146
4121.198634	1.804336	0.291722	2135.031006
4121.199495	1.774849	0.291722	3663.175781
4121.200494	1.716563	0.291722	5378.021484
4121.201421	1.664469	0.291722	6920.984375
4121.202298	1.616887	0.291722	8338.994141
4121.203297	1.566563	0.291722	9903.990234
4121.204194	1.519948	0.291722	11267.382812
4121.205113	1.476299	0.291722	12624.101562
4121.205992	1.436136	0.291722	13886.465820
4121.207027	1.338105	0.291722	15271.405273
4121.207926	0.231837	0.291722	15479.827148
4121.208843	0.095226	0.291722	15567.149414
4121.209706	0.095178	0.291722	15649.288086
4121.210705	0.095288	0.291722	15744.480469
4121.211625	0.095229	0.291722	15832.091797
4121.212491	0.095310	0.291722	15914.629883
4121.213524	0.095248	0.291722	16013.020508
4121.214405	0.095145	0.291722	16096.843750
4121.215272	0.095244	0.291722	16179.420898
4121.216158	0.095273	0.291722	16263.833008
4122.267833	1.303832	0.229633	551.520874
4122.268822	1.801315	0.229633	2333.020996
4122.269896	1.756443	0.229633	4219.440430
4122.270819	1.702445	0.229633	5790.797363
4122.271686	1.651655	0.229633	7222.782227
4122.272781	1.595449	0.229633	8969.798828
4122.273743	1.546520	0.229633	10457.550781
4122.274630	1.502703	0.229633	11790.448242
4122.275653	1.456252	0.229633	13280.194336
4122.276705	1.410198	0.229633	14763.722656
4122.277601	0.766663	0.229633	15450.652344
4122.278477	0.098899	0.229633	15537.288086
4122.279566	0.095314	0.229633	15641.084961
4122.280526	0.095299	0.229633	15732.572266
4122.281387	0.095160	0.229633	15814.504883
4122.282442	0.095405	0.229633	15915.157227
4122.283472	0.095321	0.229633	16013.337891
4122.284344	0.095244	0.229633	16096.390625
4122.285273	0.095281	0.229633	16184.906250
4122.286327	0.095350	0.229633	16285.405273
4122.287272	0.095226	0.229633	16375.393555
4123.278272	1.307205	0.275455	554.254761
4123.279288	1.801483	0.275455	2384.561523
4123.280281	1.758856	0.275455	4131.105469
4123.281169	1.707286	0.275455	5647.175781
4123.282031	1.656899	0.275455	7075.422852
4123.283130	1.600492	0.275455	8834.363281
4123.284034	1.554005	0.275455	10239.183594
4123.284909	1.510730	0.275455	11561.072266
4123.285902	1.464298	0.275455	13015.120117
4123.286911	1.418837	0.275455	14446.726562
4123.287808	1.073580	0.275455	15409.728516
4123.288681	0.121414	0.275455	15515.722656
4123.289776	0.095281	0.275455	15620.054687
4123.290701	0.095244	0.275455	15708.155273
4123.291579	0.095292	0.275455	15791.821289
4123.292556	0.095295	0.275455	15884.924805
4123.293564	0.095200	0.275455	15980.886719
4123.294456	0.095237	0.275455	16065.837891
4123.295314	0.095376	0.275455	16147.670898
4123.296389	0.095336	0.275455	16250.157227
4123.297305	0.095101	0.275455	16337.270508
4124.347090	1.325149	0.234064	587.040955
4124.347951	1.804460	0.234064	2140.681396
4124.349005	1.762471	0.234064	3998.325439
4124.350035	1.702661	0.234064	5752.066406
4124.350930	1.652831	0.234064	7231.350098
4124.351891	1.602122	0.234064	8770.989258
4124.352947	1.548168	0.234064	10405.854492
4124.353871	1.502355	0.234064	11794.030273
4124.354744	1.460654	0.234064	13069.181641
4124.355833	1.413091	0.234064	14608.037109
4124.356845	0.738805	0.234064	15355.708008
4124.357741	0.097383	0.234064	15442.962891
4124.358732	0.095394	0.234064	15537.499023
4124.359780	0.095350	0.234064	15637.425781
4124.360687	0.095182	0.234064	15723.755859
4124.361549	0.095299	0.234064	15805.903320
4124.362656	0.095299	0.234064	15911.399414
4124.363626	0.095182	0.234064	16003.725586
4124.364485	0.095284	0.234064	16085.575195
4124.365594	0.095262	0.234064	16191.221680
4124.366608	0.095303	0.234064	16287.858398
4125.357497	1.299650	0.284934	545.852905
4125.358469	1.801069	0.284934	2296.492187
4125.359537	1.757208	0.284934	4173.190430
4125.360462	1.703364	0.284934	5748.802246
4125.361332	1.653109	0.284934	7187.007324
4125.362433	1.595684	0.284934	8943.855469
4125.363430	1.545183	0.284934	10484.403320
4125.364328	1.501886	0.284934	11833.096680
4125.365321	1.455835	0.284934	13278.741211
4125.366382	1.409396	0.284934	14774.110352
4125.367280	0.748370	0.284934	15446.146484
4125.368155	0.098053	0.284934	15531.942383
4125.369252	0.095255	0.284934	15636.437500
4125.370214	0.095295	0.284934	15728.111328
4125.371077	0.095208	0.284934	15810.275391
4125.372109	0.095427	0.284934	15908.755859
4125.373146	0.095314	0.284934	16007.595703
4125.374026	0.095277	0.284934	16091.439453
4125.374935	0.095460	0.284934	16178.212891
4125.376017	0.095358	0.284934	16281.389648
4125.376963	0.095295	0.284934	16371.539062
4126.425892	1.356372	0.240095	714.808105
4126.426849	1.804376	0.240095	2441.596191
4126.427764	1.760801	0.240095	4052.729004
4126.428640	1.709246	0.240095	5550.028320
4126.429669	1.652494	0.240095	7250.444336
4126.430583	1.603513	0.240095	8716.055664
4126.431465	1.558074	0.240095	10090.276367
4126.432367	1.512616	0.240095	11454.656250
4126.433391	1.466008	0.240095	12955.848633
4126.434297	1.424550	0.240095	14246.490234
4126.435185	1.241528	0.240095	15348.967773
4126.436207	0.151879	0.240095	15504.187500
4126.437108	0.095200	0.240095	15589.962891
4126.438030	0.095292	0.240095	15677.822266
4126.438892	0.095288	0.240095	15759.960937
4126.439926	0.095259	0.240095	15858.458984
4126.440796	0.095343	0.240095	15941.407227
4126.441671	0.095277	0.240095	16024.774414
4126.442643	0.095273	0.240095	16117.379883
4126.443591	0.095284	0.240095	16207.709961
4126.444509	0.095288	0.240095	16295.184570
4127.438054	1.327903	0.278734	624.114319
4127.439126	1.802018	0.278734	2555.877441
4127.440083	1.755051	0.278734	4235.461426
4127.440952	1.704324	0.278734	5716.518555
4127.441996	1.646155	0.278734	7435.104004
4127.443013	1.592534	0.278734	9054.710937
4127.443915	1.546813	0.278734	10449.935547
4127.444879	1.500740	0.278734	11896.648437
4127.445930	1.451268	0.278734	13421.931641
4127.446862	1.409971	0.278734	14736.024414
4127.447732	0.826359	0.278734	15454.956055
4127.448806	0.096757	0.278734	15558.873047
4127.449807	0.095383	0.278734	15654.351562
4127.450688	0.095270	0.278734	15738.284180
4127.451677	0.095350	0.278734	15832.585937
4127.452721	0.095306	0.278734	15932.085937
4127.453618	0.095226	0.278734	16017.503906
4127.454485	0.095284	0.278734	16100.115234
4127.455555	0.095343	0.278734	16202.131836
4127.456539	0.095299	0.278734	16295.906250
4127.457431	0.095219	0.278734	16380.840820
4128.505147	1.434302	0.231514	767.351440
4128.506190	1.802311	0.231514	2647.161621
4128.507090	1.755901	0.231514	4227.472656
4128.508034	1.701354	0.231514	5833.550781
4128.509088	1.642427	0.231514	7564.668945
4128.510033	1.592538	0.231514	9069.617187
4128.510898	1.547853	0.231514	10408.509766
4128.511967	1.496909	0.231514	12008.706055
4128.512988	1.449858	0.231514	13489.011719
4128.513877	1.409806	0.231514	14742.329102
4128.514868	0.697112	0.231514	15433.166992
4128.515931	0.095632	0.231514	15534.824219
4128.516835	0.095295	0.231514	15620.971680
4128.517691	0.095222	0.231514	15702.481445
4128.518756	0.095358	0.231514	15804.037109
4128.519751	0.095255	0.231514	15898.816406
4128.520637	0.095248	0.231514	15983.206055
4128.521625	0.095339	0.231514	16077.401367
4128.522680	0.095332	0.231514	16177.976562
4128.523590	0.095281	0.231514	16264.681641
4128.524452	0.095306	0.231514	16346.835937
4129.518111	1.378510	0.272631	725.096008
4129.519155	1.801465	0.272631	2605.825439
4129.520076	1.755113	0.272631	4222.285156
4129.520951	1.702500	0.272631	5711.972656
4129.522051	1.642782	0.272631	7519.032715
4129.523048	1.589689	0.272631	9103.952148
4129.523950	1.544769	0.272631	10497.333984
4129.524950	1.496488	0.272631	11993.822266
4129.526004	1.448243	0.272631	13520.270508
4129.526899	1.408132	0.272631	14780.548828
4129.527819	0.719176	0.272631	15442.190430
4129.528894	0.095713	0.272631	15545.082031
4129.529847	0.095255	0.272631	15635.860352
4129.530707	0.095226	0.272631	15717.754883
4129.531753	0.095347	0.272631	15817.487305
4129.532764	0.095266	0.272631	15913.801758
4129.533642	0.095171	0.272631	15997.361328
4129.534573	0.095391	0.272631	16086.169922
4129.535615	0.095431	0.272631	16185.609375
4129.536560	0.095164	0.272631	16275.539062
4129.537423	0.095200	0.272631	16357.697266
4130.583489	1.305494	0.229516	554.835144
4130.584395	1.801813	0.229516	2187.277588
4130.585477	1.760248	0.229516	4091.865723
4130.586428	1.705422	0.229516	5713.722656
4130.587290	1.656189	0.229516	7141.357422
4130.588322	1.600514	0.229516	8793.087891
4130.589364	1.547849	0.229516	10405.946289
4130.590265	1.503267	0.229516	11760.389648
4130.591223	1.460339	0.229516	13159.394531
4130.592275	1.412450	0.229516	14645.291992
4130.593218	0.817478	0.229516	15416.173828
4130.594085	0.099873	0.229516	15502.763672
4130.595159	0.095259	0.229516	15605.071289
4130.596166	0.095361	0.229516	15701.100586
4130.597060	0.095211	0.229516	15786.219727
4130.598037	0.095354	0.229516	15879.380859
4130.599080	0.095240	0.229516	15978.716797
4130.599991	0.095189	0.229516	16065.434570
4130.600853	0.095226	0.229516	16147.519531
4130.601949	0.095394	0.229516	16252.071289
4130.602910	0.095175	0.229516	16343.534180
4131.598026	1.322886	0.261614	584.715515
4131.599133	1.802831	0.261614	2580.449219
4131.600014	1.759025	0.261614	4130.149902
4131.600890	1.708088	0.261614	5626.435547
4131.601917	1.649989	0.261614	7320.974121
4131.602903	1.598057	0.261614	8896.658203
4131.603790	1.553123	0.261614	10274.277344
4131.604679	1.508046	0.261614	11614.929687
4131.605787	1.458120	0.261614	13230.526367
4131.606688	1.417562	0.261614	14507.750000
4131.607557	1.070914	0.261614	15438.375000
4131.608594	0.107626	0.261614	15549.982422
4131.609558	0.095244	0.261614	15641.797852
4131.610435	0.095237	0.261614	15725.320312
4131.611296	0.095314	0.261614	15807.385742
4131.612391	0.095347	0.261614	15911.790039
4131.613279	0.095171	0.261614	15996.301758
4131.614147	0.095288	0.261614	16079.011719
4131.615148	0.095431	0.261614	16174.538086
4131.616133	0.095306	0.261614	16268.415039
4131.617029	0.095171	0.261614	16353.688477
4132.661690	1.307710	0.218680	555.776733
4132.662661	1.804526	0.218680	2307.971924
4132.663564	1.766726	0.218680	3903.325684
4132.664441	1.715779	0.218680	5408.063477
4132.665427	1.661137	0.218680	7045.944336
4132.666356	1.609999	0.218680	8541.632812
4132.667285	1.562769	0.218680	9993.445312
4132.668150	1.518366	0.218680	11306.831055
4132.669196	1.470417	0.218680	12844.887695
4132.670073	1.430043	0.218680	14099.035156
4132.671000	1.310724	0.218680	15314.076172
4132.671887	0.210132	0.218680	15500.462891
4132.672868	0.095043	0.218680	15593.700195
4132.673799	0.095229	0.218680	15682.358398
4132.674672	0.095332	0.218680	15765.583008
4132.675730	0.095255	0.218680	15866.363281
4132.676623	0.095248	0.218680	15951.419922
4132.677503	0.095292	0.218680	16035.276367
4132.678402	0.095244	0.218680	16120.900391
4132.679408	0.095127	0.218680	16216.597656
4132.680332	0.095120	0.218680	16304.488281
4133.680565	1.316451	0.239329	551.593140
4133.681675	1.801999	0.239329	2551.812500
4133.682635	1.754484	0.239329	4236.116699
4133.683530	1.702925	0.239329	5760.234375
4133.684532	1.647242	0.239329	7410.771484
4133.685587	1.592307	0.239329	9090.655273
4133.686485	1.545209	0.239329	10478.252930
4133.687394	1.500963	0.239329	11842.628906
4133.688477	1.451400	0.239329	13414.495117
4133.689441	1.409392	0.239329	14773.149414
4133.690315	0.797552	0.239329	15470.209961
4133.691364	0.096746	0.239329	15571.696289
4133.692386	0.095186	0.239329	15668.975586
4133.693281	0.095226	0.239329	15754.203125
4133.694228	0.095284	0.239329	15844.437500
4133.695264	0.095262	0.239329	15943.129883
4133.696196	0.095182	0.239329	16031.839844
4133.697057	0.095134	0.239329	16113.750000
4133.698117	0.095303	0.239329	16214.770508
4133.699123	0.095175	0.239329	16310.516602
4133.699998	0.095233	0.239329	16393.845703
4134.740161	1.313456	0.201971	563.472473
4134.741206	1.802285	0.201971	2446.860596
4134.742241	1.754637	0.201971	4262.910156
4134.743129	1.702613	0.201971	5774.831055
4134.744066	1.650626	0.201971	7321.467773
4134.745125	1.594285	0.201971	9009.815430
4134.746072	1.546033	0.201971	10473.908203
4134.746936	1.502875	0.201971	11772.391602
4134.748007	1.454308	0.201971	13329.955078
4134.749029	1.409260	0.201971	14770.218750
4134.749914	0.776953	0.201971	15457.822266
4134.750877	0.098848	0.201971	15553.012695
4134.751927	0.095156	0.201971	15652.926758
4134.752843	0.095142	0.201971	15740.076172
4134.753711	0.095270	0.201971	15822.770508
4134.754788	0.095281	0.201971	15925.387695
4134.755779	0.095303	0.201971	16019.833008
4134.756672	0.095186	0.201971	16104.833984
4134.757655	0.095449	0.201971	16198.660156
4134.758708	0.095240	0.201971	16298.948242
4134.759617	0.095171	0.201971	16385.458984
4135.761698	1.400427	0.230000	725.421326
4135.762641	1.804464	0.230000	2427.031006
4135.763503	1.763994	0.230000	3947.593750
4135.764570	1.702130	0.230000	5763.766602
4135.765591	1.644987	0.230000	7443.297852
4135.766486	1.597844	0.230000	8873.368164
4135.767460	1.549021	0.230000	10382.114258
4135.768524	1.496840	0.230000	11974.751953
4135.769453	1.453363	0.230000	13324.925781
4135.770322	1.414299	0.230000	14553.952148
4135.771412	0.705326	0.230000	15322.757812
4135.772399	0.095717	0.230000	15417.230469
4135.773292	0.095189	0.230000	15502.234375
4135.774280	0.095365	0.230000	15596.455078
4135.775323	0.095244	0.230000	15695.794922
4135.776228	0.095120	0.230000	15781.877930
4135.777091	0.095219	0.230000	15864.051758
4135.778189	0.095262	0.230000	15968.650391
4135.779155	0.095160	0.230000	16060.575195
4135.780019	0.095105	0.230000	16142.746094
4135.781073	0.095226	0.230000	16243.114258
4136.817457	1.417313	0.199493	766.766479
4136.818509	1.801029	0.199493	2661.448975
4136.819422	1.754323	0.199493	4263.145508
4136.820289	1.701555	0.199493	5738.393555
4136.821399	1.641826	0.199493	7560.820312
4136.822372	1.590813	0.199493	9108.681641
4136.823248	1.546516	0.199493	10463.429687
4136.824304	1.495118	0.199493	12042.274414
4136.825346	1.447214	0.199493	13550.271484
4136.826243	1.407396	0.199493	14812.706055
4136.827173	0.699423	0.199493	15463.168945
4136.828250	0.095519	0.199493	15566.042969
4136.829198	0.095138	0.199493	15656.233398
4136.830061	0.095193	0.199493	15738.384766
4136.831106	0.095273	0.199493	15837.945312
4136.832119	0.095175	0.199493	15934.357422
4136.833000	0.095369	0.199493	16018.376953
4136.833972	0.095361	0.199493	16111.068359
4136.835024	0.095299	0.199493	16211.323242
4136.835938	0.095200	0.199493	16298.335937
4136.836793	0.095299	0.199493	16379.816406
4137.842877	1.305004	0.218132	555.931580
4137.843742	1.803483	0.218132	2115.944092
4137.844808	1.762983	0.218132	3995.284180
4137.845747	1.708521	0.218132	5599.584961
4137.846628	1.658855	0.218132	7061.036133
4137.847583	1.607834	0.218132	8596.517578
4137.848630	1.554664	0.218132	10224.250977
4137.849523	1.509880	0.218132	11572.574219
4137.850387	1.468630	0.218132	12841.470703
4137.851432	1.422206	0.218132	14327.675781
4137.852387	1.104880	0.218132	15382.836914
4137.853272	0.125933	0.218132	15494.287109
4137.854206	0.095233	0.218132	15583.235352
4137.855246	0.095167	0.218132	15682.208984
4137.856144	0.095204	0.218132	15767.702148
4137.857009	0.095208	0.218132	15850.056641
4137.858055	0.095255	0.218132	15949.693359
4137.859017	0.095273	0.218132	16041.346680
4137.859897	0.095145	0.218132	16125.074219
4137.860822	0.095273	0.218132	16213.202148
4137.861871	0.095262	0.218132	16313.132812
4138.897186	1.385215	0.197983	734.163940
4138.898259	1.800938	0.197983	2666.569824
4138.899159	1.754601	0.197983	4245.710449
4138.900026	1.702291	0.197983	5721.596680
4138.901117	1.642969	0.197983	7514.075684
4138.902106	1.590330	0.197983	9086.912109
4138.903011	1.545015	0.197983	10485.150391
4138.904011	1.496766	0.197983	11981.916992
4138.905063	1.448895	0.197983	13506.155273
4138.905961	1.408279	0.197983	14770.790039
4138.906881	0.730477	0.197983	15442.829102
4138.907955	0.095702	0.197983	15545.613281
4138.908915	0.095175	0.197983	15636.980469
4138.909778	0.095204	0.197983	15719.141602
4138.910830	0.095398	0.197983	15819.500000
4138.911850	0.095127	0.197983	15916.529297
4138.912743	0.095171	0.197983	16001.516602
4138.913700	0.095211	0.197983	16092.633789
4138.914747	0.095208	0.197983	16192.316406
4138.915673	0.095145	0.197983	16280.420898
4138.916534	0.095211	0.197983	16362.397461
4139.921177	1.399951	0.221262	712.575195
4139.922133	1.804274	0.221262	2437.460937
4139.922997	1.764130	0.221262	3961.668945
4139.924031	1.703752	0.221262	5723.348633
4139.925078	1.645671	0.221262	7446.366699
4139.925971	1.598317	0.221262	8873.663086
4139.926925	1.550233	0.221262	10352.585937
4139.927979	1.498264	0.221262	11931.755859
4139.928921	1.454689	0.221262	13302.072266
4139.929792	1.415332	0.221262	14534.826172
4139.930850	0.766351	0.221262	15345.625977
4139.931859	0.096094	0.221262	15442.584961
4139.932752	0.095145	0.221262	15527.549805
4139.933723	0.095314	0.221262	15620.099609
4139.934772	0.095273	0.221262	15720.041016
4139.935688	0.095160	0.221262	15807.207031
4139.936549	0.095328	0.221262	15889.285156
4139.937630	0.095383	0.221262	15992.394531
4139.938612	0.095328	0.221262	16086.006836
4139.939498	0.095299	0.221262	16170.441406
4139.940488	0.095306	0.221262	16264.794922
4140.976570	1.326526	0.199787	561.120422
4140.977694	1.801710	0.199787	2586.242676
4140.978662	1.754154	0.199787	4284.263672
4140.979535	1.703104	0.199787	5771.073730
4140.980583	1.644877	0.199787	7494.904297
4140.981622	1.590293	0.199787	9147.218750
4140.982522	1.543824	0.199787	10536.661133
4140.983480	1.498502	0.199787	11972.226562
4140.984538	1.449119	0.199787	13505.394531
4140.985473	1.408052	0.199787	14821.922852
4140.986344	0.751186	0.199787	15476.206055
4140.987412	0.095999	0.199787	15578.732422
4140.988417	0.095175	0.199787	15674.382812
4140.989301	0.095182	0.199787	15758.523437
4140.990291	0.095317	0.199787	15852.887695
4140.991342	0.095229	0.199787	15952.973633
4140.992245	0.095219	0.199787	16038.956055
4140.993101	0.095339	0.199787	16120.566406
4140.994161	0.095240	0.199787	16221.521484
4140.995167	0.095226	0.199787	16317.318359
4140.996060	0.095134	0.199787	16402.273437
4142.000312	1.301558	0.227377	547.955750
4142.001322	1.802963	0.227377	2368.947998
4142.002243	1.761478	0.227377	3991.269531
4142.003175	1.707045	0.227377	5582.235352
4142.004041	1.658320	0.227377	7018.340820
4142.005095	1.603799	0.227377	8708.745117
4142.005983	1.558151	0.227377	10092.382812
4142.006907	1.512777	0.227377	11490.188477
4142.007771	1.470271	0.227377	12760.502930
4142.008742	1.427560	0.227377	14146.664062
4142.009680	1.260670	0.227377	15329.172852
4142.010561	0.179194	0.227377	15487.042969
4142.011585	0.095112	0.227377	15584.437500
4142.012474	0.095219	0.227377	15669.086914
4142.013355	0.095208	0.227377	15752.964844
4142.014309	0.095167	0.227377	15843.753906
4142.015269	0.095233	0.227377	15935.177734
4142.016192	0.095219	0.227377	16023.064453
4142.017054	0.095237	0.227377	16105.158203
4142.018093	0.095325	0.227377	16204.200195
4142.018971	0.095175	0.227377	16287.763672
4143.056308	1.315957	0.194256	551.385986
4143.057412	1.802355	0.194256	2541.185547
4143.058396	1.755055	0.194256	4268.159668
4143.059263	1.703881	0.194256	5745.423828
4143.060392	1.641086	0.194256	7598.210449
4143.061426	1.586942	0.194256	9239.108398
4143.062325	1.541517	0.194256	10624.932617
4143.063281	1.495470	0.194256	12054.601562
4143.064353	1.445911	0.194256	13604.617187
4143.065296	1.404082	0.194256	14928.666992
4143.066170	0.626898	0.194256	15476.576172
4143.067215	0.095511	0.194256	15576.385742
4143.068213	0.095251	0.194256	15671.446289
4143.069089	0.095259	0.194256	15754.892578
4143.070083	0.095292	0.194256	15849.612305
4143.071114	0.095292	0.194256	15947.858398
4143.072027	0.095306	0.194256	16034.873047
4143.072884	0.095270	0.194256	16116.519531
4143.073972	0.095365	0.194256	16220.276367
4143.074967	0.095164	0.194256	16314.963867
4143.075838	0.095292	0.194256	16397.962891
4144.078069	1.379319	0.232969	664.831665
4144.078954	1.805237	0.232969	2262.466309
4144.079917	1.765430	0.232969	3962.575195
4144.080972	1.703855	0.232969	5760.142090
4144.081896	1.651765	0.232969	7286.373047
4144.082757	1.604378	0.232969	8667.742187
4144.083837	1.550640	0.232969	10342.432617
4144.084844	1.501194	0.232969	11854.134766
4144.085726	1.459567	0.232969	13141.472656
4144.086731	1.416541	0.232969	14565.095703
4144.087778	0.772555	0.232969	15373.960937
4144.088674	0.097980	0.232969	15461.750977
4144.089531	0.095186	0.232969	15543.325195
4144.090609	0.095332	0.232969	15646.092773
4144.091582	0.095175	0.232969	15738.697266
4144.092464	0.095182	0.232969	15822.647461
4144.093454	0.095306	0.232969	15917.000977
4144.094494	0.095299	0.232969	16016.112305
4144.095389	0.095233	0.232969	16101.345703
4144.096248	0.095336	0.232969	16183.239258
4144.097348	0.095306	0.232969	16288.076172
4145.136312	1.302700	0.198112	547.134094
4145.137352	1.802769	0.198112	2422.013428
4145.138314	1.759288	0.198112	4114.448730
4145.139193	1.708033	0.198112	5615.810059
4145.140131	1.655585	0.198112	7168.748535
4145.141187	1.599694	0.198112	8858.025391
4145.142082	1.553844	0.198112	10248.715820
4145.142948	1.510474	0.198112	11556.786133
4145.143984	1.462174	0.198112	13071.598633
4145.144938	1.420096	0.198112	14426.371094
4145.145816	1.128827	0.198112	15417.481445
4145.146717	0.133488	0.198112	15537.753906
4145.147807	0.095251	0.198112	15641.578125
4145.148677	0.095208	0.198112	15724.408203
4145.149541	0.095259	0.198112	15806.711914
4145.150542	0.095339	0.198112	15902.146484
4145.151496	0.095244	0.198112	15993.009766
4145.152395	0.095284	0.198112	16078.670898
4145.153260	0.095317	0.198112	16161.120117
4145.154367	0.095262	0.198112	16266.575195
4145.155272	0.095222	0.198112	16352.750977
4146.157585	1.385852	0.226310	695.697693
4146.158486	1.805343	0.226310	2322.311768
4146.159352	1.765302	0.226310	3851.062988
4146.160463	1.703943	0.226310	5744.143555
4146.161438	1.649077	0.226310	7351.993652
4146.162298	1.602821	0.226310	8730.419922
4146.163381	1.547490	0.226310	10406.351562
4146.164424	1.497191	0.226310	11967.921875
4146.165316	1.455688	0.226310	13266.396484
4146.166264	1.413625	0.226310	14606.513672
4146.167335	0.670745	0.226310	15324.880859
4146.168276	0.095947	0.226310	15415.166992
4146.169138	0.095336	0.226310	15497.346680
4146.170186	0.095314	0.226310	15597.235352
4146.171201	0.095222	0.226310	15693.885742
4146.172092	0.095149	0.226310	15778.663086
4146.173060	0.095449	0.226310	15871.057617
4146.174112	0.095350	0.226310	15971.366211
4146.175038	0.095288	0.226310	16059.602539
4146.175899	0.095383	0.226310	16141.727539
4146.176972	0.095251	0.226310	16243.932617
4147.216935	1.416024	0.187433	733.500549
4147.217928	1.803380	0.187433	2524.257080
4147.218820	1.759907	0.187433	4094.094238
4147.219834	1.701852	0.187433	5819.771973
4147.220888	1.643533	0.187433	7552.055664
4147.221778	1.595240	0.187433	8971.819336
4147.222666	1.548625	0.187433	10346.999023
4147.223768	1.496631	0.187433	11996.286133
4147.224729	1.452341	0.187433	13391.986328
4147.225594	1.413541	0.187433	14614.699219
4147.226640	0.725343	0.187433	15373.408203
4147.227682	0.095797	0.187433	15473.228516
4147.228553	0.095178	0.187433	15556.128906
4147.229491	0.095237	0.187433	15645.460937
4147.230544	0.095321	0.187433	15745.833984
4147.231476	0.095171	0.187433	15834.533203
4147.232343	0.095295	0.187433	15917.154297
4147.233376	0.095336	0.187433	16015.635742
4147.234400	0.095237	0.187433	16113.158203
4147.235297	0.095281	0.187433	16198.625000
4147.236244	0.095321	0.187433	16288.893555
4148.236215	1.316331	0.217238	554.175171
4148.237326	1.802355	0.217238	2556.591309
4148.238218	1.758201	0.217238	4124.906250
4148.239108	1.707367	0.217238	5644.462891
4148.240110	1.651359	0.217238	7299.124023
4148.241118	1.596874	0.217238	8908.772461
4148.242019	1.550925	0.217238	10306.156250
4148.242884	1.507555	0.217238	11610.191406
4148.243980	1.458204	0.217238	13208.383789
4148.244898	1.417189	0.217238	14509.363281
4148.245784	1.045214	0.217238	15435.422852
4148.246793	0.113046	0.217238	15549.486328
4148.247768	0.095197	0.217238	15642.302734
4148.248653	0.095325	0.217238	15726.665039
4148.249511	0.095310	0.217238	15808.441406
4148.250597	0.095306	0.217238	15911.944336
4148.251506	0.095167	0.217238	15998.451172
4148.252379	0.095259	0.217238	16081.612305
4148.253349	0.095424	0.217238	16174.172852
4148.254368	0.095310	0.217238	16271.293945
4148.255266	0.095131	0.217238	16356.721680
4149.296171	1.400694	0.184951	752.172913
4149.297225	1.800710	0.184951	2650.121826
4149.298141	1.754202	0.184951	4256.970703
4149.299015	1.701324	0.184951	5743.928223
4149.300108	1.642211	0.184951	7538.864258
4149.301072	1.590985	0.184951	9072.574219
4149.301958	1.547029	0.184951	10443.242187
4149.302960	1.498264	0.184951	11944.502930
4149.304008	1.450279	0.184951	13464.395508
4149.304906	1.410037	0.184951	14730.608398
4149.305805	0.778700	0.184951	15430.660156
4149.306890	0.096163	0.184951	15534.997070
4149.307849	0.095149	0.184951	15626.245117
4149.308711	0.095215	0.184951	15708.320312
4149.309733	0.095387	0.184951	15805.805664
4149.310768	0.095295	0.184951	15904.436523
4149.311650	0.095178	0.184951	15988.383789
4149.312570	0.095314	0.184951	16076.072266
4149.313628	0.095237	0.184951	16176.833008
4149.314565	0.095087	0.184951	16265.929687
4149.315421	0.095240	0.184951	16347.455078
4150.313244	1.397230	0.223260	712.587402
4150.314240	1.803395	0.223260	2508.768555
4150.315122	1.760812	0.223260	4061.804687
4150.316128	1.703324	0.223260	5775.348633
4150.317185	1.644745	0.223260	7513.843750
4150.318087	1.595588	0.223260	8953.064453
4150.318949	1.549658	0.223260	10288.870117
4150.320058	1.497528	0.223260	11949.628906
4150.321026	1.453092	0.223260	13356.221680
4150.321900	1.414135	0.223260	14592.175781
4150.322948	0.718015	0.223260	15344.655273
4150.323997	0.095731	0.223260	15445.077148
4150.324887	0.095142	0.223260	15529.752930
4150.325808	0.095240	0.223260	15617.469727
4150.326882	0.095358	0.223260	15719.883789
4150.327821	0.095204	0.223260	15809.280273
4150.328687	0.095215	0.223260	15891.736328
4150.329751	0.095369	0.223260	15993.208984
4150.330759	0.095226	0.223260	16089.196289
4150.331651	0.095134	0.223260	16174.055664
4150.332607	0.095343	0.223260	16265.203125
4151.376057	1.302180	0.183199	549.520020
4151.377106	1.802933	0.183199	2440.797119
4151.377987	1.763108	0.183199	3994.095215
4151.378870	1.711670	0.183199	5505.500000
4151.379738	1.660280	0.183199	6946.622559
4151.380793	1.606234	0.183199	8641.199219
4151.381685	1.560066	0.183199	10032.778320
4151.382568	1.516945	0.183199	11372.240234
4151.383567	1.470128	0.183199	12840.898437
4151.384501	1.427336	0.183199	14174.030273
4151.385426	1.276439	0.183199	15354.736328
4151.386295	0.187083	0.183199	15517.310547
4151.387337	0.095204	0.183199	15616.512695
4151.388226	0.095175	0.183199	15701.123047
4151.389088	0.095120	0.183199	15783.116211
4151.390052	0.095131	0.183199	15874.822266
4151.391007	0.095240	0.183199	15965.777344
4151.391912	0.095237	0.183199	16051.966797
4151.392786	0.095200	0.183199	16135.171875
4151.393821	0.095142	0.183199	16233.643555
4151.394717	0.095240	0.183199	16318.979492
4152.392785	1.437239	0.218056	796.230286
4152.393840	1.800864	0.218056	2696.142090
4152.394716	1.754908	0.218056	4233.441895
4152.395670	1.699882	0.218056	5855.128906
4152.396732	1.640442	0.218056	7597.278320
4152.397669	1.590835	0.218056	9087.890625
4152.398538	1.546267	0.218056	10431.596680
4152.399596	1.495587	0.218056	12013.927734
4152.400607	1.448720	0.218056	13478.583008
4152.401508	1.409366	0.218056	14748.421875
4152.402480	0.689978	0.218056	15419.080078
4152.403533	0.095552	0.218056	15519.696289
4152.404449	0.095167	0.218056	15606.869141
4152.405311	0.095262	0.218056	15688.985352
4152.406390	0.095336	0.218056	15791.852539
4152.407372	0.095186	0.218056	15885.325195
4152.408264	0.095204	0.218056	15970.247070
4152.409260	0.095321	0.218056	16065.186523
4152.410292	0.095292	0.218056	16163.527344
4152.411193	0.095160	0.218056	16249.266602
4152.412054	0.095273	0.218056	16331.296875
4153.456928	1.392034	0.178554	721.073425
4153.457806	1.805160	0.178554	2306.003906
4153.458687	1.764576	0.178554	3860.595703
4153.459789	1.702665	0.178554	5736.932129
4153.460751	1.649055	0.178554	7323.323242
4153.461628	1.602338	0.178554	8728.573242
4153.462645	1.550497	0.178554	10305.428711
4153.463682	1.500531	0.178554	11861.479492
4153.464575	1.457783	0.178554	13163.280273
4153.465507	1.417020	0.178554	14483.943359
4153.466598	0.757628	0.178554	15310.515625
4153.467542	0.096724	0.178554	15401.822266
4153.468406	0.095222	0.178554	15484.093750
4153.469485	0.095262	0.178554	15586.881836
4153.470488	0.095208	0.178554	15682.375000
4153.471383	0.095149	0.178554	15767.533203
4153.472335	0.095222	0.178554	15858.184570
4153.473383	0.095259	0.178554	15958.015625
4153.474302	0.095175	0.178554	16045.481445
4153.475162	0.095197	0.178554	16127.350586
4153.476229	0.095299	0.178554	16229.035156
4154.471876	1.323614	0.216908	573.125061
4154.472738	1.802098	0.216908	2126.533936
4154.473810	1.762394	0.216908	4015.820068
4154.474702	1.710355	0.216908	5541.457031
4154.475577	1.661049	0.216908	6994.874512
4154.476579	1.608215	0.216908	8606.306641
4154.477503	1.558945	0.216908	10046.772461
4154.478430	1.514399	0.216908	11450.621094
4154.479312	1.471274	0.216908	12748.285156
4154.480352	1.425721	0.216908	14231.035156
4154.481253	1.243455	0.216908	15351.387695
4154.482137	0.166494	0.216908	15498.568359
4154.483108	0.095255	0.216908	15591.061523
4154.484065	0.095229	0.216908	15682.196289
4154.484985	0.095248	0.216908	15769.824219
4154.485847	0.095208	0.216908	15851.893555
4154.486878	0.095149	0.216908	15949.992187
4154.487755	0.095153	0.216908	16033.441406
4154.488616	0.095284	0.216908	16115.481445
4154.489510	0.095229	0.216908	16200.616211
4154.490551	0.095262	0.216908	16299.784180
4155.535898	1.403796	0.179380	714.532349
4155.536938	1.802032	0.179380	2588.645996
4155.537823	1.757867	0.179380	4144.358398
4155.538807	1.702123	0.179380	5819.247070
4155.539869	1.642416	0.179380	7563.492676
4155.540789	1.593171	0.179380	9029.209961
4155.541656	1.547739	0.179380	10371.099609
4155.542747	1.496338	0.179380	12003.604492
4155.543743	1.449902	0.179380	13447.707031
4155.544623	1.410857	0.179380	14689.260742
4155.545612	0.705593	0.179380	15387.092773
4155.546683	0.095526	0.179380	15489.401367
4155.547567	0.095193	0.179380	15573.551758
4155.548428	0.095255	0.179380	15655.566406
4155.549533	0.095240	0.179380	15760.807617
4155.550501	0.095175	0.179380	15852.936523
4155.551370	0.095222	0.179380	15935.684570
4155.552412	0.095328	0.179380	16035.016602
4155.553456	0.095259	0.179380	16134.466797
4155.554350	0.095277	0.179380	16219.644531
4155.555266	0.095361	0.179380	16306.995117
4156.551096	1.302931	0.224425	547.230957
4156.552077	1.800890	0.224425	2313.903809
4156.553153	1.755974	0.224425	4203.332031
4156.554071	1.702423	0.224425	5766.156250
4156.554937	1.651963	0.224425	7196.755859
4156.556044	1.594768	0.224425	8962.164062
4156.557009	1.545436	0.224425	10453.509766
4156.557898	1.503054	0.224425	11789.724609
4156.558897	1.456534	0.224425	13244.802734
4156.559960	1.410216	0.224425	14743.862305
4156.560856	0.782384	0.224425	15444.877930
4156.561721	0.099177	0.224425	15530.666016
4156.562809	0.095288	0.224425	15634.339844
4156.563771	0.095259	0.224425	15725.978516
4156.564632	0.095240	0.224425	15807.980469
4156.565672	0.095339	0.224425	15907.133789
4156.566696	0.095237	0.224425	16004.656250
4156.567577	0.095288	0.224425	16088.605469
4156.568496	0.095416	0.224425	16176.292969
4156.569564	0.095383	0.224425	16278.162109
4156.570510	0.095314	0.224425	16368.329102
4157.615828	1.332740	0.179130	599.733215
4157.616864	1.804186	0.179130	2468.869629
4157.617761	1.761313	0.179130	4048.767822
4157.618640	1.710168	0.179130	5552.005859
4157.619659	1.654105	0.179130	7237.539062
4157.620600	1.602374	0.179130	8745.373047
4157.621532	1.555430	0.179130	10195.033203
4157.622396	1.511008	0.179130	11500.543945
4157.623432	1.464379	0.179130	13017.640625
4157.624309	1.424484	0.179130	14266.913086
4157.625193	1.249105	0.179130	15371.122070
4157.626200	0.162151	0.179130	15534.408203
4157.627127	0.095083	0.179130	15622.549805
4157.628051	0.095116	0.179130	15710.436523
4157.628912	0.095186	0.179130	15792.391602
4157.629943	0.095219	0.179130	15890.561523
4157.630840	0.095200	0.179130	15975.956055
4157.631714	0.095142	0.179130	16059.109375
4157.632638	0.095303	0.179130	16147.168945
4157.633642	0.095219	0.179130	16242.768555
4157.634572	0.095237	0.179130	16331.338867
4158.630590	1.304300	0.214523	553.023376
4158.631450	1.802168	0.214523	2102.887939
4158.632547	1.761790	0.214523	4035.571045
4158.633521	1.705188	0.214523	5696.424316
4158.634391	1.656259	0.214523	7137.369141
4158.635454	1.599426	0.214523	8837.559570
4158.636489	1.547161	0.214523	10438.871094
4158.637375	1.503362	0.214523	11770.849609
4158.638296	1.460343	0.214523	13115.825195
4158.639354	1.413732	0.214523	14611.553711
4158.640305	0.843593	0.214523	15413.810547
4158.641170	0.101250	0.214523	15501.391602
4158.642212	0.095314	0.214523	15600.708984
4158.643236	0.095288	0.214523	15698.284180
4158.644111	0.095167	0.214523	15781.555664
4158.645072	0.095310	0.214523	15873.148437
4158.646135	0.095380	0.214523	15974.537109
4158.647067	0.095306	0.214523	16063.362305
4158.647932	0.095270	0.214523	16145.770508
4158.648987	0.095303	0.214523	16246.314453
4158.649991	0.095372	0.214523	16342.068359
4159.694517	1.308878	0.177998	551.037659
4159.695604	1.801948	0.177998	2509.755371
4159.696592	1.754539	0.177998	4243.239258
4159.697490	1.702559	0.177998	5772.136719
4159.698486	1.647612	0.177998	7413.158691
4159.699530	1.592281	0.177998	9075.500000
4159.700438	1.545300	0.177998	10478.632812
4159.701302	1.501794	0.177998	11776.183594
4159.702390	1.453008	0.177998	13357.056641
4159.703369	1.409810	0.177998	14737.259766
4159.704256	0.817540	0.177998	15462.417969
4159.705285	0.098401	0.177998	15563.672852
4159.706321	0.095248	0.177998	15662.349609
4159.707191	0.095226	0.177998	15745.196289
4159.708078	0.095222	0.177998	15829.658203
4159.709165	0.095251	0.177998	15933.196289
4159.710116	0.095215	0.177998	16023.746094
4159.710985	0.095178	0.177998	16106.456055
4159.712000	0.095402	0.177998	16203.289062
4159.713042	0.095153	0.177998	16302.438477
4159.713933	0.095215	0.177998	16387.275391
4160.711115	1.325186	0.204259	579.106079
4160.711983	1.804076	0.204259	2145.043945
4160.712984	1.767865	0.204259	3914.676758
4160.713864	1.714098	0.204259	5423.083008
4160.714746	1.664125	0.204259	6890.840820
4160.715643	1.614437	0.204259	8338.991211
4160.716665	1.563402	0.204259	9936.788086
4160.717588	1.518065	0.204259	11337.961914
4160.718465	1.475596	0.204259	12632.059570
4160.719558	1.427677	0.204259	14192.510742
4160.720460	1.280413	0.204259	15347.443359
4160.721338	0.184783	0.204259	15509.682617
4160.722237	0.095189	0.204259	15595.257812
4160.723280	0.095182	0.204259	15694.532227
4160.724166	0.095178	0.204259	15778.860352
4160.725031	0.095204	0.204259	15861.211914
4160.726034	0.095237	0.204259	15956.734375
4160.726931	0.095219	0.204259	16042.145508
4160.727838	0.095120	0.204259	16128.418945
4160.728711	0.095321	0.204259	16211.633789
4160.729754	0.095204	0.204259	16310.931641
4161.773508	1.319550	0.173978	571.364990
4161.774379	1.802670	0.173978	2141.490234
4161.775480	1.760043	0.173978	4079.297363
4161.776465	1.702170	0.173978	5755.935059
4161.777365	1.652443	0.173978	7243.133301
4161.778357	1.599814	0.173978	8830.149414
4161.779400	1.547655	0.173978	10444.353516
4161.780295	1.502769	0.173978	11789.331055
4161.781166	1.460149	0.173978	13061.121094
4161.782272	1.413065	0.173978	14623.970703
4161.783242	0.810194	0.173978	15409.859375
4161.784101	0.099719	0.173978	15495.518555
4161.785138	0.095365	0.173978	15594.412109
4161.786164	0.095281	0.173978	15692.169922
4161.787046	0.095270	0.173978	15776.198242
4161.787957	0.095299	0.173978	15863.015625
4161.789032	0.095365	0.173978	15965.533203
4161.789985	0.095328	0.173978	16056.380859
4161.790856	0.095164	0.173978	16139.268555
4161.791863	0.095409	0.173978	16235.345703
4161.792893	0.095270	0.173978	16333.473633
4162.791100	1.323332	0.200520	558.446289
4162.792206	1.801454	0.200520	2550.854248
4162.793171	1.754978	0.200520	4244.408203
4162.794036	1.704316	0.200520	5718.641602
4162.795085	1.646429	0.200520	7445.746094
4162.796119	1.591875	0.200520	9091.745117
4162.797005	1.546615	0.200520	10462.045898
4162.797952	1.500410	0.200520	11882.934570
4162.799023	1.450983	0.200520	13436.937500
4162.799962	1.409795	0.200520	14760.735352
4162.800833	0.811278	0.200520	15467.358398
4162.801903	0.096775	0.200520	15570.907227
4162.802906	0.095266	0.200520	15666.458984
4162.803776	0.095273	0.200520	15749.346680
4162.804747	0.095303	0.200520	15841.885742
4162.805786	0.095222	0.200520	15940.821289
4162.806706	0.095204	0.200520	16028.409180
4162.807573	0.095240	0.200520	16110.982422
4162.808643	0.095354	0.200520	16213.010742
4162.809629	0.095229	0.200520	16306.907227
4162.810517	0.095200	0.200520	16391.445312
4163.852025	1.335018	0.171960	648.818909
4163.853023	1.803809	0.171960	2449.019775
4163.853953	1.759929	0.171960	4085.753906
4163.854816	1.708854	0.171960	5560.494629
4163.855874	1.651593	0.171960	7307.879883
4163.856754	1.602590	0.171960	8718.159180
4163.857631	1.557682	0.171960	10084.246094
4163.858502	1.513407	0.171960	11402.423828
4163.859572	1.464181	0.171960	12969.097656
4163.860473	1.424150	0.171960	14252.256836
4163.861353	1.253991	0.171960	15355.768555
4163.862369	0.151750	0.171960	15509.947266
4163.863289	0.095083	0.171960	15597.423828
4163.864213	0.095109	0.171960	15685.304687
4163.865074	0.095164	0.171960	15767.240234
4163.866112	0.095057	0.171960	15865.910156
4163.866991	0.095189	0.171960	15949.581055
4163.867857	0.095164	0.171960	16031.993164
4163.868828	0.095211	0.171960	16124.443359
4163.869783	0.095182	0.171960	16215.341797
4163.870701	0.095204	0.171960	16302.739258
4164.870077	1.309164	0.207602	555.085449
4164.871007	1.801260	0.207602	2230.257080
4164.872073	1.758977	0.207602	4105.326660
4164.873017	1.704382	0.207602	5714.263672
4164.873881	1.655435	0.207602	7144.559082
4164.874930	1.599789	0.207602	8822.737305
4164.875955	1.547831	0.207602	10409.263672
4164.876843	1.504420	0.207602	11745.188477
4164.877828	1.459263	0.207602	13182.562500
4164.878874	1.412322	0.207602	14659.851562
4164.879807	0.822986	0.207602	15427.697266
4164.880662	0.100441	0.207602	15513.574219
4164.881723	0.095270	0.207602	15614.655273
4164.882723	0.095259	0.207602	15709.914062
4164.883604	0.095229	0.207602	15793.811523
4164.884571	0.095391	0.207602	15886.054687
4164.885616	0.095281	0.207602	15985.623047
4164.886520	0.095171	0.207602	16071.657227
4164.887390	0.095361	0.207602	16154.621094
4164.888460	0.095354	0.207602	16256.649414
4164.889458	0.095273	0.207602	16351.732422
4165.930678	1.316224	0.170783	554.130432
4165.931787	1.801450	0.170783	2551.938721
4165.932751	1.754930	0.170783	4243.691895
4165.933628	1.703811	0.170783	5737.934082
4165.934628	1.647528	0.170783	7385.461914
4165.935700	1.591707	0.170783	9091.771484
4165.936592	1.545938	0.170783	10470.748047
4165.937482	1.501615	0.170783	11807.185547
4165.938583	1.451206	0.170783	13404.963867
4165.939547	1.408912	0.170783	14763.155273
4165.940426	0.797175	0.170783	15463.872070
4165.941484	0.096486	0.170783	15565.954102
4165.942504	0.095208	0.170783	15663.065430
4165.943398	0.095229	0.170783	15748.200195
4165.944355	0.095427	0.170783	15839.524414
4165.945416	0.095328	0.170783	15940.667969
4165.946352	0.095266	0.170783	16029.836914
4165.947213	0.095255	0.170783	16111.851562
4165.948278	0.095317	0.170783	16213.364258
4165.949276	0.095204	0.170783	16308.377930
4165.950159	0.095204	0.170783	16392.443359
4166.950588	1.323728	0.200690	563.908142
4166.951684	1.801414	0.200690	2538.257324
4166.952668	1.754462	0.200690	4264.647461
4166.953537	1.703423	0.200690	5744.921875
4166.954549	1.647451	0.200690	7412.142578
4166.955604	1.592428	0.200690	9092.154297
4166.956482	1.546410	0.200690	10449.902344
4166.957378	1.501443	0.200690	11795.195312
4166.958483	1.451536	0.200690	13399.142578
4166.959438	1.409568	0.200690	14745.280273
4166.960318	0.814900	0.200690	15462.392578
4166.961346	0.097189	0.200690	15562.302734
4166.962377	0.095321	0.200690	15660.579102
4166.963267	0.095208	0.200690	15745.313477
4166.964219	0.095358	0.200690	15836.093750
4166.965277	0.095332	0.200690	15936.955078
4166.966222	0.095251	0.200690	16026.967773
4166.967134	0.095215	0.200690	16113.803711
4166.968015	0.095240	0.200690	16197.710937
4166.968975	0.095167	0.200690	16289.071289
4166.969895	0.095255	0.200690	16376.706055
4168.008736	1.395784	0.173744	723.015930
4168.009633	1.804709	0.173744	2341.840332
4168.010495	1.764097	0.173744	3862.491699
4168.011613	1.702112	0.173744	5765.452637
4168.012581	1.648099	0.173744	7360.812500
4168.013454	1.601543	0.173744	8758.958984
4168.014510	1.547662	0.173744	10393.290039
4168.015556	1.496796	0.173744	11958.938477
4168.016453	1.455132	0.173744	13264.191406
4168.017391	1.413512	0.173744	14590.065430
4168.018470	0.678937	0.173744	15322.638672
4168.019405	0.095944	0.173744	15412.345703
4168.020271	0.095226	0.173744	15494.811523
4168.021332	0.095358	0.173744	15595.986328
4168.022345	0.095339	0.173744	15692.565430
4168.023233	0.095240	0.173744	15777.138672
4168.024178	0.095460	0.173744	15867.348633
4168.025230	0.095354	0.173744	15967.661133
4168.026158	0.095306	0.173744	16056.105469
4168.027018	0.095295	0.173744	16138.059570
4168.028096	0.095398	0.173744	16240.898437
4169.030077	1.305542	0.200496	556.160889
4169.031109	1.801974	0.200496	2415.797852
4169.032150	1.754615	0.200496	4242.352539
4169.033042	1.702445	0.200496	5760.933594
4169.033998	1.649352	0.200496	7337.713867
4169.035065	1.592399	0.200496	9036.802734
4169.036012	1.544919	0.200496	10499.841797
4169.036884	1.501827	0.200496	11809.435547
4169.037945	1.452843	0.200496	13350.902344
4169.038951	1.408345	0.200496	14767.697266
4169.039852	0.751567	0.200496	15444.859375
4169.040823	0.098339	0.200496	15540.345703
4169.041864	0.095262	0.200496	15639.513672
4169.042773	0.095273	0.200496	15726.117187
4169.043637	0.095226	0.200496	15808.392578
4169.044711	0.095347	0.200496	15910.794922
4169.045707	0.095226	0.200496	16005.639648
4169.046582	0.095350	0.200496	16089.071289
4169.047566	0.095332	0.200496	16182.877930
4169.048622	0.095409	0.200496	16283.629883
4169.049516	0.095361	0.200496	16368.882812
4170.086602	1.316093	0.178723	573.816406
4170.087466	1.803757	0.178723	2132.262695
4170.088505	1.764979	0.178723	3966.076172
4170.089391	1.711157	0.178723	5482.161621
4170.090307	1.660225	0.178723	7002.927246
4170.091192	1.610676	0.178723	8428.375977
4170.092232	1.558934	0.178723	10049.667969
4170.093124	1.514850	0.178723	11400.914062
4170.094004	1.473314	0.178723	12697.430664
4170.095005	1.429449	0.178723	14128.309570
4170.095953	1.246274	0.178723	15309.777344
4170.096889	0.161708	0.178723	15461.135742
4170.097750	0.095160	0.178723	15543.068359
4170.098788	0.095237	0.178723	15641.923828
4170.099660	0.095200	0.178723	15724.938477
4170.100528	0.095208	0.178723	15807.578125
4170.101499	0.095361	0.178723	15900.173828
4170.102446	0.095215	0.178723	15990.341797
4170.103323	0.095215	0.178723	16073.845703
4170.104247	0.095292	0.178723	16161.895508
4170.105312	0.095240	0.178723	16263.326172
4171.110388	1.331539	0.204158	644.465027
4171.111453	1.800967	0.204158	2562.494629
4171.112403	1.754495	0.204158	4229.264648
4171.113265	1.703705	0.204158	5697.858398
4171.114329	1.645378	0.204158	7448.541016
4171.115357	1.590809	0.204158	9083.892578
4171.116236	1.545491	0.204158	10442.378906
4171.117210	1.499282	0.204158	11902.679687
4171.118267	1.449906	0.204158	13435.230469
4171.119188	1.408619	0.204158	14732.568359
4171.120068	0.794062	0.204158	15431.343750
4171.121140	0.096365	0.204158	15534.646484
4171.122135	0.095262	0.204158	15629.432617
4171.123032	0.095295	0.204158	15714.913086
4171.124020	0.095486	0.204158	15809.252930
4171.125067	0.095314	0.204158	15909.046875
4171.125971	0.095233	0.204158	15995.137695
4171.126834	0.095372	0.204158	16077.444336
4171.127929	0.095358	0.204158	16181.861328
4171.128892	0.095226	0.204158	16273.563477
4171.129772	0.095182	0.204158	16357.323242
4172.165589	1.325442	0.183795	587.170776
4172.166455	1.803435	0.183795	2148.945557
4172.167503	1.762837	0.183795	3996.398682
4172.168533	1.703174	0.183795	5750.667480
4172.169425	1.652878	0.183795	7225.035156
4172.170400	1.601803	0.183795	8786.792969
4172.171467	1.546901	0.183795	10437.335937
4172.172395	1.501252	0.183795	11830.498047
4172.173260	1.459757	0.183795	13093.187500
4172.174318	1.413340	0.183795	14588.500977
4172.175331	0.758452	0.183795	15356.812500
4172.176222	0.097705	0.183795	15443.868164
4172.177207	0.095284	0.183795	15537.723633
4172.178256	0.095116	0.183795	15637.500000
4172.179176	0.094827	0.183795	15724.740234
4172.180036	0.095284	0.183795	15806.684570
4172.181146	0.095402	0.183795	15912.580078
4172.182106	0.095240	0.183795	16004.010742
4172.182992	0.095204	0.183795	16088.361328
4172.183989	0.095266	0.183795	16183.341797
4172.185044	0.095270	0.183795	16283.851562
4173.191218	1.416680	0.203804	745.173523
4173.192166	1.803677	0.203804	2455.059082
4173.193038	1.762255	0.203804	3991.745117
4173.193971	1.707700	0.203804	5585.029297
4173.195042	1.648385	0.203804	7350.449707
4173.195947	1.600338	0.203804	8798.755859
4173.196817	1.554869	0.203804	10151.492187
4173.197853	1.504889	0.203804	11710.556641
4173.198810	1.460219	0.203804	13107.986328
4173.199687	1.421268	0.203804	14354.438477
4173.200612	1.054706	0.203804	15330.041016
4173.201689	0.104777	0.203804	15442.885742
4173.202576	0.095204	0.203804	15527.332031
4173.203438	0.095167	0.203804	15609.366211
4173.204465	0.095420	0.203804	15707.362305
4173.205420	0.095226	0.203804	15798.302734
4173.206294	0.095332	0.203804	15881.623047
4173.207167	0.095365	0.203804	15964.876953
4173.208274	0.095332	0.203804	16070.409180
4173.209147	0.095219	0.203804	16153.535156
4173.210016	0.095248	0.203804	16236.305664
4174.244125	1.394341	0.186377	702.747742
4174.245145	1.802340	0.186377	2541.134766
4174.246025	1.759508	0.186377	4089.501953
4174.247004	1.702423	0.186377	5756.174316
4174.248082	1.643350	0.186377	7527.705078
4174.248974	1.594647	0.186377	8950.130859
4174.249848	1.548153	0.186377	10303.216797
4174.250941	1.496880	0.186377	11939.306641
4174.251910	1.452118	0.186377	13346.409180
4174.252801	1.413325	0.186377	14605.681641
4174.253808	0.756669	0.186377	15367.647461
4174.254860	0.095933	0.186377	15468.568359
4174.255749	0.095277	0.186377	15553.269531
4174.256637	0.095288	0.186377	15637.885742
4174.257734	0.095402	0.186377	15742.541016
4174.258686	0.095160	0.186377	15833.132812
4174.259551	0.095270	0.186377	15915.541016
4174.260598	0.095288	0.186377	16015.307617
4174.261627	0.095244	0.186377	16113.313477
4174.262519	0.095317	0.186377	16198.336914
4174.263441	0.095332	0.186377	16286.233398
4175.270476	1.459336	0.201028	815.768799
4175.271515	1.800428	0.201028	2686.414062
4175.272412	1.753876	0.201028	4259.640625
4175.273345	1.700387	0.201028	5846.101562
4175.274417	1.640229	0.201028	7604.427734
4175.275363	1.590527	0.201028	9109.066406
4175.276228	1.545853	0.201028	10446.229492
4175.277299	1.494825	0.201028	12047.187500
4175.278310	1.448284	0.201028	13511.402344
4175.279197	1.408682	0.201028	14760.903320
4175.280185	0.693926	0.201028	15446.501953
4175.281233	0.095731	0.201028	15546.828125
4175.282148	0.095153	0.201028	15633.892578
4175.283007	0.095347	0.201028	15715.794922
4175.284077	0.095376	0.201028	15817.847656
4175.285072	0.095208	0.201028	15912.579102
4175.285950	0.095204	0.201028	15996.167969
4175.286927	0.095332	0.201028	16089.307617
4175.287996	0.095361	0.201028	16191.249023
4175.288885	0.095145	0.201028	16275.833008
4175.289750	0.095314	0.201028	16358.279297
4176.323891	1.376052	0.176959	751.324524
4176.324904	1.802135	0.176959	2576.887207
4176.325796	1.757633	0.176959	4144.695801
4176.326658	1.705649	0.176959	5614.965820
4176.327717	1.647180	0.176959	7359.329590
4176.328650	1.597636	0.176959	8849.923828
4176.329535	1.553119	0.176959	10224.433594
4176.330511	1.505977	0.176959	11694.266602
4176.331529	1.458058	0.176959	13178.569336
4176.332425	1.418350	0.176959	14449.410156
4176.333295	1.057412	0.176959	15369.358398
4176.334385	0.102469	0.176959	15481.049805
4176.335316	0.095204	0.176959	15569.684570
4176.336194	0.095222	0.176959	15653.290039
4176.337170	0.095402	0.176959	15746.402344
4176.338181	0.095204	0.176959	15842.653320
4176.339069	0.095284	0.176959	15927.265625
4176.339925	0.095284	0.176959	16008.829102
4176.340983	0.095314	0.176959	16109.670898
4176.341900	0.095197	0.176959	16196.965820
4176.342773	0.095171	0.176959	16280.049805
4177.349904	1.354460	0.199340	694.838135
4177.350964	1.800535	0.199340	2603.404785
4177.351897	1.754095	0.199340	4239.975586
4177.352762	1.702610	0.199340	5712.732910
4177.353832	1.644199	0.199340	7472.026367
4177.354835	1.590769	0.199340	9067.567383
4177.355716	1.546542	0.199340	10430.070312
4177.356706	1.498766	0.199340	11913.848633
4177.357747	1.450331	0.199340	13423.642578
4177.358647	1.410132	0.199340	14692.761719
4177.359527	0.816020	0.199340	15410.859375
4177.360610	0.096493	0.199340	15515.361328
4177.361585	0.095204	0.199340	15608.185547
4177.362466	0.095211	0.199340	15692.066406
4177.363453	0.095369	0.199340	15786.195312
4177.364521	0.095281	0.199340	15887.955078
4177.365408	0.095328	0.199340	15972.511719
4177.366267	0.095284	0.199340	16054.361328
4177.367373	0.095413	0.199340	16159.887695
4177.368340	0.095182	0.199340	16251.928711
4177.369205	0.095266	0.199340	16334.333984
4178.403607	1.391708	0.174022	695.853882
4178.404627	1.802314	0.174022	2534.214600
4178.405521	1.758446	0.174022	4106.265625
4178.406493	1.702738	0.174022	5761.327148
4178.407554	1.643328	0.174022	7504.897461
4178.408483	1.593706	0.174022	8985.450195
4178.409354	1.548318	0.174022	10334.035156
4178.410441	1.496711	0.174022	11960.960937
4178.411448	1.450001	0.174022	13421.112305
4178.412353	1.410146	0.174022	14697.294922
4178.413333	0.712354	0.174022	15395.401367
4178.414393	0.095636	0.174022	15496.775391
4178.415291	0.095215	0.174022	15582.278320
4178.416149	0.095321	0.174022	15664.063477
4178.417249	0.095292	0.174022	15768.884766
4178.418210	0.095237	0.174022	15860.407227
4178.419074	0.095204	0.174022	15942.663086
4178.420122	0.095339	0.174022	16042.579102
4178.421146	0.095299	0.174022	16140.165039
4178.422031	0.095317	0.174022	16224.520508
4178.422919	0.095365	0.174022	16309.205078
4179.429047	1.297331	0.184391	543.581848
4179.429961	1.800871	0.184391	2189.578369
4179.431042	1.760083	0.184391	4092.228027
4179.431942	1.707129	0.184391	5628.644043
4179.432808	1.657965	0.184391	7064.441895
4179.433849	1.602627	0.184391	8732.776367
4179.434809	1.554020	0.184391	10224.635742
4179.435690	1.510397	0.184391	11555.294922
4179.436586	1.466411	0.184391	12869.199219
4179.437680	1.420569	0.184391	14423.301758
4179.438564	1.112062	0.184391	15406.364258
4179.439427	0.129628	0.184391	15518.233398
4179.440439	0.095347	0.184391	15614.724609
4179.441422	0.095262	0.184391	15708.367187
4179.442285	0.095222	0.184391	15790.543945
4179.443350	0.095328	0.184391	15892.068359
4179.444389	0.095402	0.184391	15991.190430
4179.445279	0.095332	0.184391	16076.036133
4179.446196	0.095332	0.184391	16163.456055
4179.447255	0.095405	0.184391	16264.490234
4179.448213	0.095314	0.184391	16355.800781
4180.484106	1.376675	0.167936	688.337402
4180.485011	1.804764	0.167936	2321.649170
4180.485873	1.765620	0.167936	3843.613770
4180.486959	1.704639	0.167936	5694.851562
4180.487951	1.648612	0.167936	7330.274414
4180.488848	1.601272	0.167936	8766.615234
4180.489857	1.550442	0.167936	10331.010742
4180.490905	1.499623	0.167936	11902.615234
4180.491788	1.458413	0.167936	13190.393555
4180.492676	1.417196	0.167936	14448.863281
4180.493767	0.806133	0.167936	15328.354492
4180.494717	0.097808	0.167936	15421.271484
4180.495572	0.095288	0.167936	15502.743164
4180.496623	0.095449	0.167936	15603.060547
4180.497672	0.095332	0.167936	15703.063477
4180.498547	0.095134	0.167936	15786.305664
4180.499476	0.095358	0.167936	15874.892578
4180.500533	0.095317	0.167936	15975.642578
4180.501477	0.095284	0.167936	16065.590820
4180.502344	0.095314	0.167936	16148.227539
4180.503382	0.095369	0.167936	16247.219727
4181.504965	1.327394	0.189140	576.088867
4181.505831	1.802040	0.189140	2136.655273
4181.506936	1.759669	0.189140	4081.089844
4181.507909	1.703470	0.189140	5738.566406
4181.508781	1.654299	0.189140	7181.115234
4181.509822	1.598954	0.189140	8845.625977
4181.510855	1.546747	0.189140	10443.416016
4181.511751	1.502270	0.189140	11789.450195
4181.512687	1.458812	0.189140	13154.898437
4181.513761	1.411403	0.189140	14670.745117
4181.514710	0.782472	0.189140	15413.310547
4181.515571	0.099192	0.189140	15498.714844
4181.516611	0.095350	0.189140	15597.878906
4181.517623	0.095244	0.189140	15694.265625
4181.518503	0.095273	0.189140	15778.106445
4181.519454	0.095295	0.189140	15868.732422
4181.520501	0.095369	0.189140	15968.583008
4181.521430	0.095347	0.189140	16057.160156
4181.522286	0.095350	0.189140	16138.780273
4181.523318	0.095402	0.189140	16237.234375
4181.524336	0.095336	0.189140	16334.286133
4182.564818	1.343866	0.159025	588.613281
4182.565685	1.802271	0.159025	2151.181885
4182.566785	1.759369	0.159025	4086.487793
4182.567758	1.702357	0.159025	5742.881348
4182.568634	1.653464	0.159025	7191.316406
4182.569647	1.600063	0.159025	8812.180664
4182.570700	1.547282	0.159025	10441.467773
4182.571588	1.502476	0.159025	11775.666016
4182.572477	1.459958	0.159025	13073.569336
4182.573573	1.412981	0.159025	14622.196289
4182.574535	0.818617	0.159025	15409.706055
4182.575392	0.099987	0.159025	15495.394531
4182.576418	0.095266	0.159025	15593.137695
4182.577447	0.095347	0.159025	15691.249023
4182.578337	0.095222	0.159025	15775.997070
4182.579267	0.095328	0.159025	15864.652344
4182.580336	0.095314	0.159025	15966.542969
4182.581281	0.095281	0.159025	16056.583008
4182.582146	0.095219	0.159025	16138.947266
4182.583189	0.095343	0.159025	16238.389648
4182.584203	0.095219	0.159025	16334.941406
4183.583513	1.399112	0.178913	706.551819
4183.584466	1.804109	0.178913	2425.867676
4183.585331	1.763676	0.178913	3951.447021
4183.586387	1.703071	0.178913	5749.890137
4183.587402	1.646393	0.178913	7420.979004
4183.588292	1.598588	0.178913	8843.721680
4183.589265	1.550061	0.178913	10351.931641
4183.590327	1.497953	0.178913	11942.757812
4183.591258	1.454432	0.178913	13296.833984
4183.592123	1.415493	0.178913	14521.235352
4183.593203	0.758478	0.178913	15340.391602
4183.594215	0.096090	0.178913	15437.634766
4183.595082	0.095182	0.178913	15520.157227
4183.595990	0.095167	0.178913	15606.569336
4183.596868	0.095244	0.178913	15690.193359
4183.597856	0.095248	0.178913	15784.297852
4183.598780	0.095314	0.178913	15872.368164
4183.599653	0.095281	0.178913	15955.547852
4183.600672	0.095372	0.178913	16052.732422
4183.601567	0.095255	0.178913	16137.985352
4183.602484	0.095281	0.178913	16225.357422
4184.645308	1.308384	0.160672	553.446350
4184.646379	1.801871	0.160672	2483.250488
4184.647383	1.754282	0.160672	4244.549805
4184.648266	1.702877	0.160672	5748.190430
4184.649248	1.649103	0.160672	7367.609375
4184.650295	1.593442	0.160672	9035.943359
4184.651208	1.546234	0.160672	10447.655273
4184.652070	1.503311	0.160672	11743.508789
4184.653131	1.454308	0.160672	13286.529297
4184.654134	1.409960	0.160672	14700.718750
4184.655033	0.828153	0.160672	15445.228516
4184.656020	0.099756	0.160672	15543.687500
4184.657070	0.095306	0.160672	15643.758789
4184.657975	0.095295	0.160672	15730.000977
4184.658835	0.095273	0.160672	15811.936523
4184.659943	0.095409	0.160672	15917.649414
4184.660916	0.095372	0.160672	16010.446289
4184.661783	0.095303	0.160672	16093.074219
4184.662844	0.095343	0.160672	16194.233398
4184.663885	0.095273	0.160672	16293.413086
4184.664783	0.095259	0.160672	16378.955078
4185.660874	1.309519	0.190264	570.950317
4185.661747	1.803296	0.190264	2145.227539
4185.662763	1.763496	0.190264	3936.939453
4185.663813	1.703258	0.190264	5725.360352
4185.664711	1.652629	0.190264	7209.421387
4185.665672	1.601426	0.190264	8748.391602
4185.666740	1.547369	0.190264	10400.982422
4185.667670	1.501597	0.190264	11797.466797
4185.668542	1.460790	0.190264	13071.275391
4185.669614	1.413710	0.190264	14586.772461
4185.670623	0.771160	0.190264	15364.873047
4185.671518	0.097698	0.190264	15452.312500
4185.672481	0.095299	0.190264	15544.085937
4185.673535	0.095248	0.190264	15644.477539
4185.674457	0.095215	0.190264	15732.265625
4185.675324	0.095251	0.190264	15814.848633
4185.676395	0.095332	0.190264	15916.949219
4185.677388	0.095153	0.190264	16011.435547
4185.678266	0.095145	0.190264	16094.972656
4185.679262	0.095310	0.190264	16189.901367
4185.680309	0.095391	0.190264	16289.775391
4186.725337	1.355768	0.163327	607.383972
4186.726202	1.802498	0.163327	2166.544434
4186.727247	1.762130	0.163327	4007.970459
4186.728137	1.710319	0.163327	5530.153809
4186.729009	1.660935	0.163327	6978.489258
4186.730024	1.607688	0.163327	8610.292969
4186.730946	1.558465	0.163327	10047.198242
4186.731870	1.513034	0.163327	11445.241211
4186.732753	1.471403	0.163327	12744.489258
4186.733788	1.425747	0.163327	14220.137695
4186.734680	1.256946	0.163327	15341.333008
4186.735563	0.174543	0.163327	15495.455078
4186.736517	0.095219	0.163327	15586.293945
4186.737481	0.095281	0.163327	15678.144531
4186.738406	0.095219	0.163327	15766.221680
4186.739267	0.095178	0.163327	15848.169922
4186.740294	0.095222	0.163327	15945.962891
4186.741172	0.095211	0.163327	16029.558594
4186.742036	0.095116	0.163327	16111.739258
4186.742927	0.095314	0.163327	16196.664062
4186.743957	0.095321	0.163327	16294.844727
4187.740182	1.388203	0.190305	706.595398
4187.741070	1.804808	0.190305	2309.265137
4187.741963	1.764510	0.190305	3884.972900
4187.743073	1.701958	0.190305	5774.146484
4187.744026	1.648857	0.190305	7345.507812
4187.744895	1.601624	0.190305	8737.318359
4187.745941	1.549369	0.190305	10357.958008
4187.746975	1.499066	0.190305	11907.992187
4187.747865	1.457329	0.190305	13205.015625
4187.748826	1.415061	0.190305	14564.889648
4187.749874	0.753699	0.190305	15354.765625
4187.750807	0.097152	0.190305	15445.408203
4187.751662	0.095178	0.190305	15526.785156
4187.752707	0.095372	0.190305	15626.449219
4187.753724	0.095244	0.190305	15723.312500
4187.754615	0.095153	0.190305	15808.093750
4187.755580	0.095306	0.190305	15900.064453
4187.756627	0.095200	0.190305	15999.739258
4187.757550	0.095248	0.190305	16087.653320
4187.758411	0.095251	0.190305	16169.665039
4187.759501	0.095361	0.190305	16273.609375
4188.804797	1.303989	0.168250	550.283508
4188.805836	1.801813	0.168250	2422.366943
4188.806865	1.755253	0.168250	4228.521973
4188.807745	1.703086	0.168250	5727.237305
4188.808689	1.650483	0.168250	7285.293457
4188.809756	1.593699	0.168250	8985.769531
4188.810693	1.546457	0.168250	10434.799805
4188.811568	1.502974	0.168250	11749.901367
4188.812634	1.453740	0.168250	13299.588867
4188.813653	1.408583	0.168250	14734.934570
4188.814560	0.772126	0.168250	15435.252930
4188.815523	0.098657	0.168250	15530.259766
4188.816578	0.095219	0.168250	15630.714844
4188.817494	0.095251	0.168250	15717.964844
4188.818355	0.095164	0.168250	15799.900391
4188.819446	0.095237	0.168250	15903.803711
4188.820436	0.095127	0.168250	15997.979492
4188.821333	0.095138	0.168250	16083.318359
4188.822325	0.095347	0.168250	16177.902344
4188.823365	0.095284	0.168250	16276.998047
4188.824256	0.095288	0.168250	16361.899414
4189.818568	1.315547	0.198937	567.000671
4189.819512	1.800886	0.198937	2267.037109
4189.820459	1.763448	0.198937	3937.022949
4189.821385	1.710282	0.198937	5520.744141
4189.822266	1.660477	0.198937	6983.624512
4189.823291	1.606384	0.198937	8630.167969
4189.824193	1.559183	0.198937	10036.551758
4189.825071	1.516483	0.198937	11368.024414
4189.825957	1.472443	0.198937	12672.608398
4189.827010	1.426655	0.198937	14174.876953
4189.827902	1.285243	0.198937	15321.313477
4189.828783	0.192052	0.198937	15490.511719
4189.829791	0.095233	0.198937	15586.506836
4189.830712	0.095244	0.198937	15674.226562
4189.831634	0.095343	0.198937	15762.132812
4189.832491	0.095310	0.198937	15843.813477
4189.833508	0.095321	0.198937	15940.754883
4189.834407	0.095281	0.198937	16026.412109
4189.835284	0.095208	0.198937	16109.909180
4189.836251	0.095394	0.198937	16202.155273
4189.837202	0.095270	0.198937	16292.756836
4190.885174	1.405155	0.157103	722.249695
4190.886067	1.804292	0.157103	2333.482422
4190.887003	1.762928	0.157103	3983.583496
4190.887962	1.705712	0.157103	5619.360840
4190.888885	1.654047	0.157103	7146.045898
4190.889753	1.606626	0.157103	8540.597656
4190.890720	1.557938	0.157103	10047.124023
4190.891685	1.511129	0.157103	11505.363281
4190.892579	1.468718	0.157103	12818.397461
4190.893512	1.427622	0.157103	14150.369141
4190.894468	1.221266	0.157103	15317.899414
4190.895402	0.153373	0.157103	15461.149414
4190.896260	0.095164	0.157103	15542.799805
4190.897204	0.095299	0.157103	15632.761719
4190.898134	0.095240	0.157103	15721.334961
4190.899060	0.095262	0.157103	15809.547852
4190.899920	0.095229	0.157103	15891.445312
4190.900886	0.095164	0.157103	15983.373047
4190.901835	0.095303	0.157103	16073.815430
4190.902726	0.095259	0.157103	16158.691406
4190.903635	0.095061	0.157103	16245.101562
