crossing time (s)	slope (V/s)	crossing number
2184.513641	8.660570	1999
2185.572816	9.761779	2000
2186.591632	8.982298	2001
2187.651625	8.852785	2002
2188.674510	9.110976	2003
2189.727855	9.794992	2004
2190.752673	9.577099	2005
2191.806886	8.945556	2006
2192.834978	9.088744	2007
2193.887373	9.451041	2008
2194.914833	9.240684	2009
2195.968138	9.717930	2010
2196.996354	9.470246	2011
2198.047528	9.871143	2012
2199.076314	9.109855	2013
2200.129053	10.047345	2014
2201.156754	9.084055	2015
2202.208136	9.704654	2016
2203.233283	8.931069	2017
2204.287143	9.593479	2018
2205.311572	8.692823	2019
2206.366729	9.716993	2020
2207.389797	9.602765	2021
2208.442928	10.378339	2022
2209.466358	10.466810	2023
2210.524303	10.183674	2024
2211.546757	10.549195	2025
2212.604593	10.826826	2026
2213.626723	10.636420	2027
2214.682394	10.829974	2028
2215.707564	10.461239	2029
2216.760407	10.131059	2030
2217.788645	9.986202	2031
2218.839169	10.378769	2032
2219.868341	9.978751	2033
2220.920098	10.342527	2034
2221.947216	10.022083	2035
2223.000087	10.395042	2036
2224.024725	9.931175	2037
2225.079445	10.761183	2038
2226.101967	10.753420	2039
2227.158829	10.228556	2040
2228.180322	10.378570	2041
2229.238915	10.369385	2042
2230.259850	10.320797	2043
2231.319634	10.686839	2044
2232.341253	10.434873	2045
2233.397680	10.667841	2046
2234.420856	10.285106	2047
2235.476684	10.826036	2048
2236.501591	10.641828	2049
2237.554569	10.987307	2050
2238.580072	10.568399	2051
2239.634976	10.968056	2052
2240.660059	10.644295	2053
2241.714153	11.284003	2054
2242.738443	10.861958	2055
2243.793813	11.260423	2056
2244.817727	10.868694	2057
2245.873591	11.771313	2058
2246.897317	10.993668	2059
2247.953897	11.806973	2060
2248.975387	10.867474	2061
2250.032968	11.689091	2062
2251.055042	10.997844	2063
2252.111145	11.571349	2064
2253.133230	11.256550	2065
2254.188090	11.063689	2066
2255.212952	10.965323	2067
2256.265500	10.813800	2068
2257.293893	10.705408	2069
2258.345201	10.866782	2070
2259.375831	10.789430	2071
2260.425353	11.250332	2072
2261.452955	11.109348	2073
2262.504422	11.429515	2074
2263.530102	11.470920	2075
2264.584161	11.362858	2076
2265.607507	11.270755	2077
2266.665205	11.167395	2078
2267.686489	11.128702	2079
2268.742828	11.232412	2080
2269.766028	11.176720	2081
2270.824612	11.547490	2082
2271.844779	11.360544	2083
2272.901372	11.476986	2084
2273.924940	11.447591	2085
2274.980544	11.509851	2086
2276.004721	11.473476	2087
2277.059355	11.424029	2088
2278.084824	11.379889	2089
2279.139103	11.583889	2090
2280.162538	11.340320	2091
2281.217813	11.384101	2092
2282.242169	11.345144	2093
2283.296659	11.463616	2094
2284.321329	11.477269	2095
2285.376000	11.621007	2096
2286.399982	11.503930	2097
2287.456471	11.581945	2098
2288.478803	11.456742	2099
2289.536659	11.566740	2100
2290.558849	11.206150	2101
2291.616380	11.857360	2102
2292.637795	11.273433	2103
2293.696069	12.006224	2104
2294.718862	11.504629	2105
2295.772904	11.881062	2106
2296.798105	11.489832	2107
2297.850506	11.818961	2108
2298.877895	11.521096	2109
2299.927566	11.553023	2110
2300.957327	11.383095	2111
2302.007798	11.473829	2112
2303.037170	11.342803	2113
2304.088359	11.705874	2114
2305.115249	11.459029	2115
2306.168097	11.720584	2116
2307.192164	11.464210	2117
2308.247783	11.544131	2118
2309.269516	11.719710	2119
2310.327038	11.422121	2120
2311.347537	11.543450	2121
2312.406398	11.293467	2122
2313.425709	11.371040	2123
2314.484419	11.288464	2124
2315.505021	11.334164	2125
2316.563692	11.145171	2126
2317.583498	11.140933	2127
2318.642387	11.225980	2128
2319.662623	11.209247	2129
2320.720381	11.290149	2130
2321.741807	11.228679	2131
2322.800418	11.415038	2132
2323.819677	11.429798	2133
2324.878902	11.517194	2134
2325.899391	11.353661	2135
2326.958013	11.532396	2136
2327.977349	11.516673	2137
2329.035411	11.546172	2138
2330.056610	11.488189	2139
2331.113961	11.460422	2140
2332.135752	11.490299	2141
2333.190782	11.281764	2142
2334.214929	11.378733	2143
2335.268011	11.193482	2144
2336.295578	11.322973	2145
2337.346231	11.140210	2146
2338.374897	11.169976	2147
2339.424401	11.184241	2148
2340.452850	11.273056	2149
2341.503943	11.303068	2150
2342.531689	11.265076	2151
2343.583613	11.386068	2152
2344.608441	11.372905	2153
2345.663887	11.380535	2154
2346.687109	11.225077	2155
2347.742007	11.237279	2156
2348.763474	11.444474	2157
2349.821523	11.122359	2158
2350.842976	11.100355	2159
2351.890771	11.087252	2160
2352.921219	11.022860	2161
2353.979969	10.941622	2162
2354.999338	10.940131	2163
2356.058584	11.032922	2164
2357.078469	11.068803	2165
2358.136982	11.129027	2166
2359.157902	11.020346	2167
2360.215945	11.149263	2168
2361.235822	11.136507	2169
2362.294340	11.013743	2170
2363.314539	11.007003	2171
2364.373486	11.055461	2172
2365.393242	11.087321	2173
2366.452235	11.118575	2174
2367.471493	11.037401	2175
2368.530926	11.036206	2176
2369.552095	11.106768	2177
2370.608591	11.113131	2178
2371.630427	10.903906	2179
2372.686806	11.112639	2180
2373.709838	10.992160	2181
2374.764822	11.073691	2182
2375.787630	10.952267	2183
2376.841731	10.982443	2184
2377.868933	10.936362	2185
2378.919949	10.890899	2186
2379.948487	10.869068	2187
2380.997103	10.852572	2188
2382.027279	10.917263	2189
2383.077202	10.811733	2190
2384.104844	10.829619	2191
2385.156299	10.805188	2192
2386.182450	10.910093	2193
2387.235552	10.742681	2194
2388.260059	10.815634	2195
2389.315075	10.705368	2196
2390.338781	10.744796	2197
2391.394638	10.647913	2198
2392.416650	10.815369	2199
2393.474512	10.804719	2200
2394.495010	10.789518	2201
2395.552327	10.635400	2202
2396.573407	10.725453	2203
2397.631228	10.727330	2204
2398.652034	10.673371	2205
2399.709955	10.664829	2206
2400.730376	10.664419	2207
2401.788887	10.692536	2208
2402.809138	10.636425	2209
2403.866214	10.656102	2210
2404.887858	10.616965	2211
2405.944351	10.551339	2212
2406.966468	10.531191	2213
2408.023368	10.591831	2214
2409.046589	10.561444	2215
2410.101555	10.398406	2216
2411.125618	10.592553	2217
2412.179105	10.296010	2218
2413.204623	10.539881	2219
2414.256949	10.458606	2220
2415.284322	10.480901	2221
2416.334641	10.443823	2222
2417.362866	10.418973	2223
2418.413456	10.489406	2224
2419.441475	10.445127	2225
2420.492464	10.438152	2226
2421.519204	10.400963	2227
2422.570984	10.413802	2228
2423.596555	10.353689	2229
2424.651516	10.415337	2230
2425.673697	10.419143	2231
2426.731295	10.266945	2232
2427.751188	10.399910	2233
2428.810159	10.346448	2234
2429.830865	10.307214	2235
2430.888626	10.354590	2236
2431.909759	10.292925	2237
2432.967791	10.355448	2238
2433.987893	10.297467	2239
2435.046969	10.392736	2240
2436.066244	10.261364	2241
2437.125650	10.272023	2242
2438.144946	10.196387	2243
2439.204297	10.331978	2244
2440.223408	10.182948	2245
2441.282118	10.271939	2246
2442.302287	10.184227	2247
2443.361144	10.254280	2248
2444.380949	10.249037	2249
2445.439715	10.198146	2250
2446.459913	10.191963	2251
