crossing time (s)	slope (V/s)	crossing number
3385.039836	4.866181	3143
3386.100885	3.780564	3144
3387.120839	5.461523	3145
3388.184103	3.809295	3146
3389.202284	5.040311	3147
3390.265677	4.014590	3148
3391.282838	4.830302	3149
3392.347779	4.024219	3150
3393.362498	4.167965	3151
3394.430716	3.985608	3152
3395.442745	4.287658	3153
3396.511600	3.983473	3154
3397.525200	4.115815	3155
3398.593116	4.028325	3156
3399.606692	4.305929	3157
3400.672946	4.036791	3158
3401.686656	4.484560	3159
3402.754766	4.334309	3160
3403.767522	4.627711	3161
3404.834086	4.486299	3162
3405.848718	4.831386	3163
3406.915281	4.367768	3164
3407.929701	4.581258	3165
3408.995773	4.832552	3166
3410.009964	5.017244	3167
3411.074628	4.427105	3168
3412.092417	4.696075	3169
3413.153655	4.941544	3170
3414.175305	5.146864	3171
3415.233450	4.823318	3172
3416.255514	5.233344	3173
3417.312389	4.964747	3174
3418.336346	5.612032	3175
3419.391571	4.921937	3176
3420.416510	5.872887	3177
3421.471954	4.766526	3178
3422.495915	5.542967	3179
3423.552647	4.849575	3180
3424.574908	5.555805	3181
3425.634119	4.672057	3182
3426.655406	5.051680	3183
3427.714909	4.764396	3184
3428.733959	4.989898	3185
3429.795932	4.972256	3186
3430.813049	5.076920	3187
3431.877352	5.249331	3188
3432.892884	5.247313	3189
3433.958090	5.295379	3190
3434.971377	5.573294	3191
3436.036481	5.323132	3192
3437.050492	5.757234	3193
3438.116545	5.385013	3194
3439.130216	5.903367	3195
3440.196366	5.120572	3196
3441.211046	6.169285	3197
3442.276549	5.224760	3198
3443.289974	6.138842	3199
3444.354715	5.245366	3200
3445.370990	6.317096	3201
3446.435021	5.331090	3202
3447.450309	6.456395	3203
3448.513858	5.395507	3204
3449.531546	6.249279	3205
3450.592077	5.491949	3206
3451.611915	6.170821	3207
3452.670351	5.386549	3208
3453.692244	5.714503	3209
3454.749629	5.355383	3210
3455.772937	5.515589	3211
3456.828427	5.452323	3212
3457.853148	5.468294	3213
3458.907323	5.510876	3214
3459.932852	5.477676	3215
3460.986520	5.748854	3216
3462.011865	5.869683	3217
3463.065758	5.787469	3218
3464.090918	6.225614	3219
3465.145542	5.557658	3220
3466.169047	6.294875	3221
3467.225569	5.679717	3222
3468.247042	6.225653	3223
3469.306694	5.443400	3224
3470.326671	6.171898	3225
3471.386566	5.536081	3226
3472.406051	6.116191	3227
3473.465466	5.618759	3228
3474.484939	5.991031	3229
3475.545706	5.698784	3230
3476.564071	6.057863	3231
3477.624606	5.812866	3232
3478.642547	5.982811	3233
3479.704507	5.777488	3234
3480.721171	6.050922	3235
3481.784410	5.888979	3236
3482.801073	6.080518	3237
3483.863086	5.772666	3238
3484.881316	6.011224	3239
3485.940388	5.817917	3240
3486.961044	6.053902	3241
3488.020244	5.707055	3242
3489.040794	5.985753	3243
3490.098103	5.805783	3244
3491.120842	5.980937	3245
3492.177073	5.813099	3246
3493.201724	6.028884	3247
3494.255026	5.795639	3248
3495.279657	6.080929	3249
3496.333504	5.752349	3250
3497.359322	6.033454	3251
3498.413243	5.701142	3252
3499.438168	5.955947	3253
3500.493093	5.645805	3254
3501.516387	5.710502	3255
3502.572217	5.901875	3256
3503.595116	5.931529	3257
3504.650977	5.905681	3258
3505.671401	5.757635	3259
3506.730559	6.324801	3260
3507.749457	6.048738	3261
3508.810044	6.302219	3262
3509.828292	5.910330	3263
3510.889100	6.439707	3264
3511.905700	6.150282	3265
3512.966470	6.335889	3266
3513.983014	6.103362	3267
3515.047035	6.353410	3268
3516.062018	6.149720	3269
3517.122830	6.208358	3270
3518.139715	6.088463	3271
3519.201194	6.081467	3272
3520.218964	6.093241	3273
3521.279207	6.034896	3274
3522.296321	6.093791	3275
3523.355110	5.935031	3276
3524.374903	5.931464	3277
3525.435263	5.936768	3278
3526.454595	6.011982	3279
3527.512364	5.846443	3280
3528.533544	5.832218	3281
3529.589983	5.899939	3282
3530.612277	5.928264	3283
3531.667329	5.872999	3284
3532.691965	5.907618	3285
3533.745139	5.824287	3286
3534.770437	5.878436	3287
3535.823579	5.904052	3288
3536.847489	5.875335	3289
3537.901256	5.847734	3290
3538.927040	5.899707	3291
3539.980086	5.823716	3292
3541.004673	5.922803	3293
3542.059073	5.767062	3294
3543.081596	5.907983	3295
3544.137878	5.692592	3296
3545.159711	5.836251	3297
3546.216806	5.629181	3298
3547.237115	5.814366	3299
3548.295567	5.640164	3300
3549.315664	5.769686	3301
3550.373659	5.712074	3302
3551.392665	5.834900	3303
3552.452570	5.659265	3304
3553.470710	5.721726	3305
3554.530526	5.585834	3306
3555.548686	5.755430	3307
3556.608928	5.636979	3308
3557.627305	5.678538	3309
3558.687232	5.581960	3310
3559.706550	5.680642	3311
3560.765877	5.560740	3312
3561.785392	5.666022	3313
3562.842270	5.618010	3314
3563.863017	5.607313	3315
3564.920392	5.672549	3316
3565.942354	5.642362	3317
3566.997395	5.712717	3318
3568.021903	5.692087	3319
3569.075233	5.713853	3320
3570.100268	5.641282	3321
3571.153351	5.683667	3322
3572.178114	5.646284	3323
3573.231100	5.693508	3324
3574.256698	5.633030	3325
3575.310493	5.646798	3326
3576.333458	5.655790	3327
3577.389368	5.589179	3328
3578.411290	5.593936	3329
3579.467777	5.607054	3330
3580.489600	5.526614	3331
3581.546492	5.497392	3332
3582.566590	5.462453	3333
3583.625977	5.592830	3334
3584.645105	5.520047	3335
3585.704939	5.579714	3336
3586.721394	5.425690	3337
3587.783264	5.507722	3338
3588.800172	5.393910	3339
3589.861924	5.595684	3340
3590.878391	5.462247	3341
3591.940497	5.540383	3342
3592.958293	5.353191	3343
3594.017698	5.606567	3344
3595.035032	5.484844	3345
3596.096265	5.595957	3346
3597.112277	5.494576	3347
3598.174330	5.520013	3348
3599.191899	5.555854	3349
3600.251444	5.480678	3350
3601.270208	5.483585	3351
3602.330275	5.417634	3352
3603.349640	5.395420	3353
3604.406858	5.485714	3354
3605.427946	5.314415	3355
3606.484112	5.489738	3356
3607.507471	5.343205	3357
3608.561678	5.369763	3358
3609.586186	5.342674	3359
3610.639914	5.331565	3360
3611.664546	5.279175	3361
3612.717865	5.399095	3362
3613.742897	5.278301	3363
3614.795750	5.458367	3364
3615.820566	5.341501	3365
3616.874527	5.401935	3366
3617.897726	5.354530	3367
3618.952620	5.311658	3368
3619.974508	5.397478	3369
3621.032633	5.235118	3370
3622.053531	5.356549	3371
3623.111516	5.302735	3372
3624.131861	5.161627	3373
3625.190422	5.211275	3374
3626.209394	5.216760	3375
3627.268010	5.269641	3376
3628.287045	5.243586	3377
3629.346215	5.323484	3378
3630.365181	5.218531	3379
3631.424740	5.240176	3380
3632.443193	5.210523	3381
3633.503030	5.266723	3382
3634.522448	5.186081	3383
3635.580557	5.266671	3384
3636.601176	5.277320	3385
3637.658082	5.219826	3386
3638.679426	5.169479	3387
3639.735760	5.235318	3388
3640.757748	5.240356	3389
3641.813398	5.235888	3390
3642.836377	5.327846	3391
3643.891937	5.207215	3392
3644.915224	5.200924	3393
