crossing time (s)	slope (V/s)	crossing number
4357.172815	6.198387	4074
4358.230180	6.986046	4075
4359.253568	7.595968	4076
4360.308948	6.495874	4077
4361.330870	6.562234	4078
4362.389928	6.772354	4079
4363.411156	7.264363	4080
4364.467933	7.007390	4081
4365.487416	7.119367	4082
4366.547623	6.516976	4083
4367.566888	6.659793	4084
4368.627744	6.734904	4085
4369.646115	7.075165	4086
4370.706419	6.246839	4087
4371.726075	6.300052	4088
4372.784733	6.842917	4089
4373.805013	6.812788	4090
4374.864149	6.355820	4091
4375.884069	6.223865	4092
4376.944356	6.967633	4093
4377.964217	6.953823	4094
4379.020973	6.612622	4095
4380.045931	6.504276	4096
4381.100348	7.162304	4097
4382.126926	7.542595	4098
4383.177562	7.314009	4099
4384.206530	7.241753	4100
4385.255297	7.159857	4101
4386.284342	7.444571	4102
4387.333061	7.071987	4103
4388.363662	7.045468	4104
4389.412317	6.943073	4105
4390.442908	6.773052	4106
4391.494318	6.622952	4107
4392.522064	6.762203	4108
4393.574811	7.409064	4109
4394.599551	7.055728	4110
4395.655055	7.132533	4111
4396.678191	7.169495	4112
4397.733565	7.337506	4113
4398.755131	7.356448	4114
4399.814146	7.101376	4115
4400.833582	7.165949	4116
4401.893686	6.717915	4117
4402.912529	6.829323	4118
4403.972372	6.917202	4119
4404.993393	6.987803	4120
4406.050232	6.794055	4121
4407.072360	6.747878	4122
4408.130125	6.857851	4123
4409.152465	7.091849	4124
4410.208477	6.968056	4125
4411.231097	6.856684	4126
4412.288050	6.874410	4127
4413.310067	6.889163	4128
4414.367119	6.887617	4129
4415.388207	6.868223	4130
4416.446389	6.752081	4131
4417.467278	6.797819	4132
4418.526064	6.633976	4133
4419.545905	6.760617	4134
4420.605058	6.675366	4135
4421.625491	6.453859	4136
4422.684294	6.777938	4137
4423.705980	6.936066	4138
4424.760693	6.966269	4139
4425.784943	7.262275	4140
4426.838208	7.091775	4141
4427.866393	7.334140	4142
4428.916935	7.391907	4143
4429.946308	7.638452	4144
4430.993808	7.314586	4145
4432.024072	7.531735	4146
4433.073353	7.066223	4147
4434.104086	7.364605	4148
4435.153297	6.963970	4149
4436.181778	7.435633	4150
4437.233642	6.939337	4151
4438.259635	7.282626	4152
4439.313976	7.086573	4153
4440.338986	7.573164	4154
4441.393042	7.282380	4155
4442.417751	7.580097	4156
4443.473627	7.338075	4157
4444.495349	7.499541	4158
4445.553097	7.593404	4159
4446.574201	7.633323	4160
4447.631776	7.307317	4161
4448.653234	7.457398	4162
4449.710713	7.399899	4163
4450.732404	7.477322	4164
4451.789287	7.239826	4165
4452.811619	7.281492	4166
4453.868607	7.265973	4167
4454.891721	7.271749	4168
4455.946565	7.270962	4169
4456.972356	7.182811	4170
4458.024996	7.530850	4171
4459.052444	7.546360	4172
4460.102997	7.534322	4173
4461.131714	7.602900	4174
4462.180385	7.462551	4175
4463.210812	7.547344	4176
4464.258745	7.241102	4177
4465.290148	7.221842	4178
4466.339083	7.234945	4179
4467.369133	7.167578	4180
4468.419353	7.285461	4181
4469.448355	7.309007	4182
4470.499009	7.588164	4183
4471.526010	7.549151	4184
4472.578901	7.793734	4185
4473.604639	7.766336	4186
4474.658093	7.692575	4187
4475.681268	7.806344	4188
4476.737359	7.318082	4189
4477.758665	7.747698	4190
4478.817152	7.097815	4191
4479.837549	7.326825	4192
4480.896641	6.896924	4193
4481.915289	7.159384	4194
4482.975905	6.948361	4195
4483.996085	6.912005	4196
4485.058735	7.073566	4197
4486.075542	6.856576	4198
4487.134274	6.973073	4199
4488.153865	6.963889	4200
4489.213076	7.063249	4201
4490.232554	6.971118	4202
4491.292299	7.056414	4203
4492.311292	6.987280	4204
4493.369909	6.951912	4205
4494.390104	7.017324	4206
4495.449004	7.099083	4207
4496.469494	7.083607	4208
4497.526251	7.006770	4209
4498.548213	7.185152	4210
4499.603386	7.251334	4211
4500.628834	7.311855	4212
4501.681122	7.382157	4213
4502.707441	7.304894	4214
4503.759429	7.229668	4215
4504.786648	7.285350	4216
4505.836455	7.234769	4217
4506.865425	7.337759	4218
4507.914276	7.160987	4219
4508.944239	7.252049	4220
4509.993908	7.146212	4221
4511.023094	7.184046	4222
4512.072468	7.092610	4223
4513.100541	7.223118	4224
4514.150589	7.066428	4225
4515.179803	7.226231	4226
4516.230421	7.092159	4227
4517.258672	7.254814	4228
4518.309553	7.193095	4229
4519.334945	7.267144	4230
4520.388717	7.097175	4231
4521.412683	7.289651	4232
4522.466802	7.145723	4233
4523.492114	7.242930	4234
4524.546234	7.120700	4235
4525.570751	7.221925	4236
4526.624244	7.157603	4237
4527.647028	7.136807	4238
4528.702120	7.165371	4239
4529.728221	7.261968	4240
4530.780365	7.209247	4241
4531.807300	7.370757	4242
4532.859865	7.145341	4243
4533.885880	7.339656	4244
4534.936584	7.133324	4245
4535.964290	7.333461	4246
4537.014154	7.080877	4247
4538.044001	7.252318	4248
4539.092626	7.104532	4249
4540.123104	7.179017	4250
4541.171527	7.016301	4251
4542.200631	7.084186	4252
4543.249547	6.943011	4253
4544.279308	7.077775	4254
4545.327889	6.941050	4255
4546.357061	7.076581	4256
4547.409572	6.936716	4257
4548.434489	7.114494	4258
4549.487841	6.987205	4259
4550.512228	7.260199	4260
4551.568066	6.933021	4261
4552.589197	7.161360	4262
4553.645845	6.925515	4263
4554.668389	7.236352	4264
4555.725072	6.951220	4265
4556.745748	7.054258	4266
4557.804280	7.023319	4267
4558.824590	7.317886	4268
4559.883296	6.942877	4269
4560.902294	6.999176	4270
4561.961379	6.880503	4271
4562.980569	7.014388	4272
4564.040811	6.937475	4273
4565.058916	6.968065	4274
4566.119552	6.863364	4275
4567.137639	6.911513	4276
4568.197397	6.891461	4277
4569.217232	6.954298	4278
4570.273851	6.851018	4279
4571.296602	6.874611	4280
4572.353179	6.800652	4281
4573.373939	7.000687	4282
4574.431272	6.980575	4283
4575.453741	6.937809	4284
4576.509158	6.830317	4285
4577.535190	6.930049	4286
4578.586346	6.849877	4287
4579.613742	6.908659	4288
4580.664139	6.899916	4289
4581.693428	6.888920	4290
4582.742456	6.845492	4291
4583.771471	6.883221	4292
4584.819772	6.825433	4293
4585.850866	6.866158	4294
4586.898491	6.863830	4295
4587.929135	6.908438	4296
4588.978929	6.738058	4297
4590.007593	6.827476	4298
4591.057273	6.697016	4299
4592.084350	6.769756	4300
4593.133622	6.633705	4301
4594.162382	6.919683	4302
4595.213756	6.627642	4303
4596.240895	6.763208	4304
4597.294173	6.687769	4305
4598.318124	6.800298	4306
4599.372287	6.591055	4307
4600.397179	6.824106	4308
4601.449776	6.590568	4309
4602.476568	6.822636	4310
4603.528207	6.687305	4311
4604.554703	6.751747	4312
4605.606657	6.684522	4313
4606.633220	6.761497	4314
4607.683949	6.551629	4315
4608.712503	6.758547	4316
4609.763360	6.533786	4317
4610.791521	6.680417	4318
4611.842840	6.506656	4319
4612.869222	6.628789	4320
4613.919195	6.496692	4321
4614.948570	6.661481	4322
4615.996984	6.526210	4323
4617.027005	6.795024	4324
4618.076362	6.387571	4325
4619.104753	6.575899	4326
4620.155093	6.585452	4327
4621.182495	6.539254	4328
4622.234550	6.487380	4329
4623.261065	6.597946	4330
4624.313536	6.417146	4331
