time (s)	coil I (A)	last det (V)	int current (uC)
4679.582140	1.307150	0.229077	555.538574
4679.583113	1.803387	0.229077	2310.234375
4679.584174	1.759552	0.229077	4177.119141
4679.585093	1.705847	0.229077	5744.792969
4679.585961	1.654790	0.229077	7181.150879
4679.587065	1.597716	0.229077	8945.029297
4679.588041	1.547897	0.229077	10455.776367
4679.588929	1.504750	0.229077	11791.994141
4679.589946	1.457677	0.229077	13274.451172
4679.591000	1.411227	0.229077	14761.883789
4679.591898	0.779791	0.229077	15462.136719
4679.592798	0.099174	0.229077	15551.392578
4679.593886	0.095215	0.229077	15654.986328
4679.594828	0.095156	0.229077	15744.623047
4679.595685	0.095306	0.229077	15826.300781
4679.596736	0.095354	0.229077	15926.517578
4679.597763	0.095061	0.229077	16024.145508
4679.598643	0.095105	0.229077	16107.837891
4679.599576	0.095229	0.229077	16196.686523
4679.600624	0.095270	0.229077	16296.529297
4679.601565	0.095204	0.229077	16386.115234
4680.601090	1.403877	0.239877	687.899719
4680.601972	1.807152	0.239877	2281.807861
4680.602947	1.766078	0.239877	4003.733887
4680.604004	1.703796	0.239877	5804.646484
4680.604931	1.651989	0.239877	7336.040039
4680.605800	1.604623	0.239877	8730.457031
4680.606871	1.550303	0.239877	10390.831055
4680.607867	1.502120	0.239877	11886.943359
4680.608762	1.460032	0.239877	13193.671875
4680.609753	1.416284	0.239877	14597.208984
4680.610807	0.751304	0.239877	15389.083008
4680.611708	0.096987	0.239877	15476.468750
4680.612568	0.095255	0.239877	15558.387695
4680.613662	0.095314	0.239877	15662.661133
4680.614621	0.095208	0.239877	15753.964844
4680.615491	0.095156	0.239877	15836.750977
4680.616517	0.095292	0.239877	15934.520508
4680.617563	0.095219	0.239877	16034.119141
4680.618441	0.095226	0.239877	16117.727539
4680.619318	0.095244	0.239877	16201.256836
4680.620413	0.095325	0.239877	16305.637695
4681.662400	1.313445	0.219518	563.467834
4681.663262	1.804215	0.219518	2118.701172
4681.664328	1.765840	0.219518	4001.086426
4681.665209	1.713062	0.219518	5510.293945
4681.666094	1.663323	0.219518	6982.334473
4681.667061	1.611852	0.219518	8540.995117
4681.668009	1.562703	0.219518	10022.437500
4681.668922	1.517395	0.219518	11407.819336
4681.669803	1.474838	0.219518	12707.151367
4681.670832	1.429775	0.219518	14178.390625
4681.671731	1.300375	0.219518	15347.427734
4681.672611	0.199640	0.219518	15523.111328
4681.673536	0.095208	0.219518	15611.178711
4681.674535	0.095120	0.219518	15706.203125
4681.675449	0.095142	0.219518	15793.162109
4681.676304	0.095131	0.219518	15874.499023
4681.677293	0.095189	0.219518	15968.641602
4681.678209	0.095127	0.219518	16055.778320
4681.679132	0.095175	0.219518	16143.624023
4681.679997	0.095175	0.219518	16225.950195
4681.681034	0.095175	0.219518	16324.646484
4682.681299	1.335897	0.247728	595.810181
4682.682164	1.805848	0.247728	2157.869141
4682.683222	1.764470	0.247728	4024.678711
4682.684226	1.705807	0.247728	5737.308594
4682.685106	1.654329	0.247728	7193.117676
4682.686075	1.600415	0.247728	8743.919922
4682.687142	1.550647	0.247728	10398.459961
4682.688058	1.505189	0.247728	11777.212891
4682.688921	1.463470	0.247728	13040.187500
4682.689970	1.417196	0.247728	14526.826172
4682.690982	0.834708	0.247728	15371.550781
4682.691872	0.099902	0.247728	15460.463867
4682.692865	0.095303	0.247728	15555.099609
4682.693913	0.095211	0.247728	15654.880859
4682.694815	0.095120	0.247728	15740.678711
4682.695677	0.095299	0.247728	15822.826172
4682.696777	0.095358	0.247728	15927.719727
4682.697754	0.095288	0.247728	16020.816406
4682.698621	0.095160	0.247728	16103.320312
4682.699692	0.095354	0.247728	16205.444336
4682.700724	0.095306	0.247728	16303.800781
4683.741142	1.330071	0.228554	594.541687
4683.742019	1.806240	0.228554	2178.614258
4683.742969	1.769685	0.228554	3859.815186
4683.744029	1.708696	0.228554	5671.033203
4683.744910	1.658280	0.228554	7131.978027
4683.745778	1.610629	0.228554	8530.003906
4683.746824	1.557327	0.228554	10158.967773
4683.747776	1.510997	0.228554	11597.437500
4683.748659	1.468777	0.228554	12894.367187
4683.749591	1.426919	0.228554	14224.255859
4683.750646	1.090261	0.228554	15374.481445
4683.751542	0.119930	0.228554	15481.939453
4683.752402	0.095204	0.228554	15563.814453
4683.753444	0.095394	0.228554	15663.214844
4683.754396	0.095292	0.228554	15753.932617
4683.755266	0.095211	0.228554	15836.766602
4683.756160	0.095306	0.228554	15921.970703
4683.757217	0.095284	0.228554	16022.686523
4683.758096	0.095251	0.228554	16106.412109
4683.758953	0.095325	0.228554	16188.105469
4683.760058	0.095387	0.228554	16293.507812
4684.762046	1.315115	0.247056	556.293518
4684.763140	1.803790	0.247056	2529.639893
4684.764129	1.755813	0.247056	4266.138672
4684.765015	1.704419	0.247056	5776.253906
4684.766017	1.649341	0.247056	7428.893555
4684.767071	1.593446	0.247056	9108.385742
4684.767964	1.547629	0.247056	10490.418945
4684.768827	1.503267	0.247056	11787.738281
4684.769929	1.453894	0.247056	13389.929687
4684.770902	1.410784	0.247056	14762.622070
4684.771768	0.832189	0.247056	15483.297852
4684.772793	0.097548	0.247056	15583.284180
4684.773845	0.095200	0.247056	15683.434570
4684.774720	0.095175	0.247056	15766.711914
4684.775618	0.095112	0.247056	15852.123047
4684.776709	0.095273	0.247056	15956.066406
4684.777650	0.095219	0.247056	16045.666992
4684.778519	0.095266	0.247056	16128.453125
4684.779542	0.095310	0.247056	16225.955078
4684.780572	0.095336	0.247056	16324.150391
4684.781465	0.095189	0.247056	16409.154297
4685.819944	1.405408	0.227808	728.001221
4685.820881	1.806482	0.227808	2420.674805
4685.821743	1.766389	0.227808	3943.302246
4685.822771	1.705997	0.227808	5697.067383
4685.823822	1.648110	0.227808	7429.231445
4685.824710	1.600389	0.227808	8850.376953
4685.825661	1.552196	0.227808	10326.515625
4685.826721	1.500099	0.227808	11916.620117
4685.827651	1.456428	0.227808	13271.098633
4685.828523	1.417471	0.227808	14507.132812
4685.829592	0.786757	0.227808	15348.175781
4685.830598	0.096248	0.227808	15445.000977
4685.831492	0.095215	0.227808	15530.123047
4685.832457	0.095479	0.227808	15622.259766
4685.833500	0.095273	0.227808	15721.629883
4685.834405	0.095229	0.227808	15807.812500
4685.835266	0.095262	0.227808	15889.833008
4685.836326	0.095303	0.227808	15990.853516
4685.837312	0.095197	0.227808	16084.717773
4685.838189	0.095156	0.227808	16168.169922
4685.839177	0.095229	0.227808	16262.256836
4686.842295	1.299939	0.245021	547.274292
4686.843271	1.803146	0.245021	2307.144531
4686.844213	1.765353	0.245021	3970.106934
4686.845135	1.711849	0.245021	5548.432129
4686.846008	1.662136	0.245021	6999.477051
4686.847044	1.607322	0.245021	8664.662109
4686.847936	1.560828	0.245021	10056.919922
4686.848815	1.517552	0.245021	11390.848633
4686.849765	1.472670	0.245021	12789.884766
4686.850750	1.429028	0.245021	14197.477539
4686.851677	1.263908	0.245021	15369.120117
4686.852544	0.180989	0.245021	15526.037109
4686.853559	0.095266	0.245021	15622.732422
4686.854463	0.095255	0.245021	15708.842773
4686.855335	0.095171	0.245021	15791.832031
4686.856192	0.095299	0.245021	15873.502930
4686.857244	0.095237	0.245021	15973.692383
4686.858125	0.095065	0.245021	16057.444336
4686.859000	0.095288	0.245021	16140.821289
4686.860002	0.095215	0.245021	16236.226562
4686.860928	0.095237	0.245021	16324.416016
4687.897548	1.324127	0.238608	579.967712
4687.898409	1.804786	0.238608	2133.888672
4687.899470	1.763719	0.238608	4005.194824
4687.900471	1.705261	0.238608	5712.161133
4687.901366	1.655588	0.238608	7193.912598
4687.902351	1.603301	0.238608	8773.164062
4687.903403	1.549849	0.238608	10403.604492
4687.904308	1.504706	0.238608	11765.363281
4687.905173	1.462456	0.238608	13030.387695
4687.906287	1.414720	0.238608	14606.386719
4687.907263	0.828497	0.238608	15415.000000
4687.908134	0.099752	0.238608	15501.883789
4687.909217	0.095233	0.238608	15605.021484
4687.910244	0.095200	0.238608	15702.791992
4687.911136	0.095120	0.238608	15787.638672
4687.912063	0.095354	0.238608	15876.032227
4687.913115	0.095332	0.238608	15976.321289
4687.914057	0.095270	0.238608	16066.065430
4687.914916	0.095292	0.238608	16147.920898
4687.915955	0.095292	0.238608	16246.928711
4687.916978	0.095226	0.238608	16344.344727
4688.923629	1.372679	0.242141	636.923279
4688.924512	1.806251	0.242141	2231.843262
4688.925512	1.765887	0.242141	3997.730469
4688.926569	1.704133	0.242141	5798.999512
4688.927474	1.652629	0.242141	7294.628906
4688.928334	1.604348	0.242141	8674.368164
4688.929428	1.550900	0.242141	10371.052734
4688.930423	1.501414	0.242141	11864.958984
4688.931305	1.460266	0.242141	13152.914062
4688.932300	1.416097	0.242141	14561.930664
4688.933362	0.755219	0.242141	15363.972656
4688.934255	0.097273	0.242141	15450.837891
4688.935137	0.095219	0.242141	15534.820312
4688.936215	0.095332	0.242141	15637.587891
4688.937179	0.095057	0.242141	15729.223633
4688.938046	0.095186	0.242141	15811.749023
4688.939070	0.095332	0.242141	15909.369141
4688.940103	0.095266	0.242141	16007.779297
4688.940997	0.095156	0.242141	16092.848633
4688.941882	0.095292	0.242141	16177.181641
4688.942971	0.095273	0.242141	16280.934570
4689.976821	1.381732	0.243986	653.559265
4689.977701	1.806599	0.243986	2243.366455
4689.978563	1.771205	0.243986	3770.145020
4689.979654	1.709506	0.243986	5635.215820
4689.980584	1.656456	0.243986	7175.720215
4689.981457	1.609241	0.243986	8580.586914
4689.982445	1.560143	0.243986	10122.007812
4689.983463	1.509141	0.243986	11658.312500
4689.984339	1.467909	0.243986	12944.201172
4689.985207	1.427798	0.243986	14183.529297
4689.986257	1.087383	0.243986	15325.281250
4689.987201	0.118074	0.243986	15436.743164
4689.988080	0.095087	0.243986	15520.324219
4689.989030	0.095244	0.243986	15610.806641
4689.990072	0.095171	0.243986	15709.974609
4689.990957	0.095164	0.243986	15794.194336
4689.991820	0.095160	0.243986	15876.317383
4689.992860	0.095354	0.243986	15975.485352
4689.993810	0.095138	0.243986	16065.866211
4689.994684	0.095226	0.243986	16149.093750
4689.995610	0.095160	0.243986	16237.211914
4691.002392	1.394846	0.249167	704.397339
4691.003397	1.805002	0.249167	2518.424805
4691.004283	1.762365	0.249167	4079.879883
4691.005284	1.705034	0.249167	5786.619141
4691.006322	1.646114	0.249167	7495.286133
4691.007240	1.597500	0.249167	8961.791016
4691.008101	1.551262	0.249167	10297.427734
4691.009187	1.500348	0.249167	11926.805664
4691.010178	1.453912	0.249167	13367.632812
4691.011055	1.415079	0.249167	14608.657227
4691.012045	0.792488	0.249167	15393.219727
4691.013097	0.096321	0.249167	15494.548828
4691.014002	0.095255	0.249167	15580.754883
4691.014864	0.095233	0.249167	15662.845703
4691.015972	0.095339	0.249167	15768.481445
4691.016936	0.095186	0.249167	15860.240234
4691.017797	0.095123	0.249167	15942.141602
4691.018868	0.095365	0.249167	16044.277344
4691.019903	0.095237	0.249167	16142.847656
4691.020789	0.095251	0.249167	16227.240234
4691.021682	0.095321	0.249167	16312.362305
4692.057033	1.319180	0.240030	575.162354
4692.057901	1.804900	0.240030	2141.815430
4692.058943	1.764913	0.240030	3980.854980
4692.059961	1.705712	0.240030	5717.269531
4692.060857	1.655295	0.240030	7200.414062
4692.061830	1.603755	0.240030	8760.867187
4692.062888	1.549471	0.240030	10400.208008
4692.063809	1.504036	0.240030	11785.424805
4692.064679	1.462075	0.240030	13057.429687
4692.065766	1.415402	0.240030	14595.970703
4692.066755	0.809117	0.240030	15396.187500
4692.067644	0.099071	0.240030	15484.261719
4692.068630	0.095398	0.240030	15578.324219
4692.069671	0.095262	0.240030	15677.492187
4692.070559	0.095248	0.240030	15762.072266
4692.071418	0.095277	0.240030	15843.915039
4692.072515	0.095317	0.240030	15948.478516
4692.073490	0.095193	0.240030	16041.291992
4692.074348	0.095178	0.240030	16122.955078
4692.075424	0.095380	0.240030	16225.583984
4692.076470	0.095281	0.240030	16325.248047
4693.084111	1.333890	0.231373	593.581238
4693.084972	1.804629	0.231373	2147.366699
4693.086068	1.762808	0.231373	4079.403809
4693.086978	1.708542	0.231373	5634.177734
4693.087858	1.659031	0.231373	7094.125000
4693.088836	1.607164	0.231373	8665.931641
4693.089861	1.554177	0.231373	10258.962891
4693.090750	1.510477	0.231373	11601.777344
4693.091614	1.468766	0.231373	12870.791016
4693.092681	1.422008	0.231373	14388.073242
4693.093628	1.075360	0.231373	15406.439453
4693.094509	0.120084	0.231373	15512.233398
4693.095475	0.095292	0.231373	15604.285156
4693.096480	0.095204	0.231373	15699.964844
4693.097357	0.095167	0.231373	15783.426758
4693.098218	0.095266	0.231373	15865.451172
4693.099286	0.095255	0.231373	15967.183594
4693.100216	0.095211	0.231373	16055.730469
4693.101081	0.095098	0.231373	16137.990234
4693.102020	0.095321	0.231373	16227.497070
4693.103054	0.095200	0.231373	16325.933594
4694.136318	1.383893	0.229085	668.420288
4694.137207	1.806420	0.229085	2274.327148
4694.138169	1.766385	0.229085	3973.589844
4694.139222	1.704902	0.229085	5768.852051
4694.140143	1.652483	0.229085	7290.789062
4694.141004	1.605700	0.229085	8673.296875
4694.142061	1.552621	0.229085	10314.416992
4694.143078	1.503508	0.229085	11843.485352
4694.143953	1.460713	0.229085	13121.609375
4694.144918	1.419034	0.229085	14490.977539
4694.145994	0.794341	0.229085	15345.688477
4694.146913	0.098005	0.229085	15435.755859
4694.147783	0.095259	0.229085	15518.630859
4694.148854	0.095321	0.229085	15620.719727
4694.149850	0.095226	0.229085	15715.564453
4694.150738	0.095273	0.229085	15800.166992
4694.151718	0.095365	0.229085	15893.625000
4694.152774	0.095416	0.229085	15994.384766
4694.153677	0.095237	0.229085	16080.383789
4694.154538	0.095186	0.229085	16162.338867
4694.155634	0.095383	0.229085	16266.878906
4695.162390	1.393810	0.234576	713.630676
4695.163324	1.806218	0.234576	2400.638428
4695.164188	1.766437	0.234576	3926.839844
4695.165248	1.705540	0.234576	5734.711914
4695.166255	1.648799	0.234576	7395.052246
4695.167151	1.600961	0.234576	8829.512695
4695.168110	1.552654	0.234576	10318.507812
4695.169156	1.501289	0.234576	11888.856445
4695.170093	1.457853	0.234576	13254.864258
4695.170959	1.418412	0.234576	14483.208984
4695.172030	0.824048	0.234576	15365.764648
4695.173036	0.097189	0.234576	15463.536133
4695.173913	0.095350	0.234576	15547.158203
4695.174898	0.095394	0.234576	15641.121094
4695.175945	0.095354	0.234576	15740.957031
4695.176840	0.095270	0.234576	15826.223633
4695.177706	0.095292	0.234576	15908.746094
4695.178772	0.095449	0.234576	16010.495117
4695.179763	0.095222	0.234576	16104.860352
4695.180651	0.095219	0.234576	16189.414062
4695.181636	0.095328	0.234576	16283.312500
4696.218551	1.324127	0.207119	556.133423
4696.219613	1.805218	0.207119	2473.275391
4696.220510	1.762888	0.207119	4054.585937
4696.221396	1.711099	0.207119	5570.619141
4696.222381	1.656412	0.207119	7202.185547
4696.223333	1.605004	0.207119	8730.148437
4696.224212	1.559648	0.207119	10101.079102
4696.225168	1.513381	0.207119	11547.872070
4696.226187	1.464697	0.207119	13040.398437
4696.227069	1.425443	0.207119	14297.639648
4696.227942	1.255792	0.207119	15393.946289
4696.228941	0.169142	0.207119	15562.918945
4696.229867	0.095164	0.207119	15651.040039
4696.230779	0.095123	0.207119	15737.792969
4696.231654	0.095226	0.207119	15821.115234
4696.232669	0.095193	0.207119	15917.736328
4696.233565	0.095189	0.207119	16003.025391
4696.234435	0.095240	0.207119	16085.884766
4696.235310	0.095365	0.207119	16169.329102
4696.236344	0.095219	0.207119	16267.785156
4696.237228	0.095240	0.207119	16351.977539
4697.242112	1.374320	0.218692	680.288391
4697.243054	1.806617	0.218692	2382.122070
4697.243925	1.766905	0.218692	3921.096680
4697.244967	1.706547	0.218692	5699.318359
4697.245995	1.649341	0.218692	7394.840820
4697.246889	1.600979	0.218692	8826.116211
4697.247842	1.553005	0.218692	10306.130859
4697.248908	1.500604	0.218692	11905.775391
4697.249840	1.457087	0.218692	13263.781250
4697.250704	1.417987	0.218692	14488.921875
4697.251775	0.805800	0.218692	15351.933594
4697.252786	0.096753	0.218692	15449.750977
4697.253659	0.095266	0.218692	15532.917969
4697.254640	0.095244	0.218692	15626.352539
4697.255689	0.095255	0.218692	15726.275391
4697.256595	0.095145	0.218692	15812.476562
4697.257453	0.095233	0.218692	15894.186523
4697.258495	0.095321	0.218692	15993.510742
4697.259493	0.095131	0.218692	16088.451172
4697.260377	0.095288	0.218692	16172.685547
4697.261341	0.095347	0.218692	16264.599609
4698.298390	1.392887	0.198547	702.015076
4698.299393	1.804933	0.198547	2512.362793
4698.300285	1.761559	0.198547	4083.673340
4698.301254	1.705562	0.198547	5736.362305
4698.302314	1.646367	0.198547	7481.511719
4698.303224	1.597683	0.198547	8935.403320
4698.304090	1.551826	0.198547	10279.285156
4698.305206	1.498927	0.198547	11952.087891
4698.306163	1.454077	0.198547	13343.639648
4698.307049	1.415178	0.198547	14597.487305
4698.308056	0.782527	0.198547	15385.492187
4698.309105	0.096493	0.198547	15486.712891
4698.309995	0.095123	0.198547	15571.373047
4698.310866	0.095233	0.198547	15654.321289
4698.311948	0.095402	0.198547	15757.545898
4698.312914	0.095200	0.198547	15849.509766
4698.313775	0.095219	0.198547	15931.493164
4698.314827	0.095398	0.198547	16031.851562
4698.315856	0.095314	0.198547	16129.929687
4698.316733	0.095306	0.198547	16213.513672
4698.317646	0.095361	0.198547	16300.578125
4699.321413	1.433914	0.211844	778.615051
4699.322457	1.802970	0.211844	2660.915771
4699.323336	1.757670	0.211844	4205.907227
4699.324265	1.703441	0.211844	5788.404297
4699.325362	1.642903	0.211844	7590.668945
4699.326286	1.593018	0.211844	9062.617187
4699.327156	1.548479	0.211844	10409.793945
4699.328183	1.498557	0.211844	11948.812500
4699.329216	1.451030	0.211844	13447.726562
4699.330111	1.411487	0.211844	14711.006836
4699.331084	0.729752	0.211844	15421.055664
4699.332127	0.095826	0.211844	15521.002930
4699.333047	0.095138	0.211844	15608.530273
4699.333909	0.095248	0.211844	15690.633789
4699.334989	0.095350	0.211844	15793.612305
4699.335982	0.095244	0.211844	15888.189453
4699.336871	0.095149	0.211844	15972.776367
4699.337840	0.095295	0.211844	16065.117187
4699.338877	0.095229	0.211844	16163.870117
4699.339782	0.095240	0.211844	16250.062500
4699.340641	0.095288	0.211844	16331.915039
4700.380601	1.320828	0.179460	561.351746
4700.381712	1.802900	0.179460	2564.374023
4700.382671	1.756589	0.179460	4248.943359
4700.383534	1.706188	0.179460	5721.383301
4700.384605	1.646591	0.179460	7484.881836
4700.385648	1.591578	0.179460	9144.898437
4700.386533	1.546121	0.179460	10513.214844
4700.387470	1.500992	0.179460	11919.644531
4700.388532	1.451290	0.179460	13460.915039
4700.389475	1.409872	0.179460	14790.423828
4700.390346	0.794443	0.179460	15482.383789
4700.391364	0.096716	0.179460	15580.840820
4700.392380	0.095284	0.179460	15677.649414
4700.393268	0.095292	0.179460	15762.268555
4700.394210	0.095303	0.179460	15852.043945
4700.395258	0.095226	0.179460	15951.840820
4700.396186	0.095167	0.179460	16040.156250
4700.397057	0.095317	0.179460	16123.177734
4700.398113	0.095431	0.179460	16223.953125
4700.399115	0.095215	0.179460	16319.358398
4700.400005	0.095248	0.179460	16404.128906
4701.401603	1.342207	0.191030	667.076843
4701.402579	1.806196	0.191030	2429.924561
4701.403502	1.762738	0.191030	4056.931641
4701.404370	1.711282	0.191030	5542.324219
4701.405442	1.652446	0.191030	7313.746582
4701.406337	1.604041	0.191030	8749.363281
4701.407209	1.558945	0.191030	10108.763672
4701.408088	1.513575	0.191030	11439.196289
4701.409151	1.465466	0.191030	12996.987305
4701.410030	1.425725	0.191030	14250.199219
4701.410913	1.258791	0.191030	15361.711914
4701.411928	0.154171	0.191030	15518.195312
4701.412855	0.095164	0.191030	15606.412109
4701.413773	0.095251	0.191030	15693.852539
4701.414638	0.095347	0.191030	15776.327148
4701.415678	0.095215	0.191030	15875.350586
4701.416562	0.095240	0.191030	15959.542969
4701.417434	0.095380	0.191030	16042.713867
4701.418415	0.095365	0.191030	16136.266602
4701.419369	0.095314	0.191030	16227.196289
4701.420285	0.095251	0.191030	16314.446289
4702.461950	1.368896	0.175279	672.128174
4702.462839	1.806859	0.175279	2278.425781
4702.463703	1.768473	0.175279	3806.386230
4702.464813	1.706071	0.175279	5700.124512
4702.465791	1.651692	0.175279	7315.479004
4702.466662	1.604791	0.175279	8713.251953
4702.467712	1.551438	0.175279	10342.261719
4702.468748	1.501084	0.175279	11897.384766
4702.469639	1.458790	0.175279	13197.166992
4702.470552	1.418225	0.175279	14492.006836
4702.471630	0.789093	0.175279	15342.649414
4702.472580	0.097126	0.175279	15434.919922
4702.473442	0.095160	0.175279	15516.948242
4702.474498	0.095424	0.175279	15617.715820
4702.475507	0.095262	0.175279	15713.835937
4702.476387	0.095204	0.175279	15797.615234
4702.477348	0.095292	0.175279	15889.190430
4702.478385	0.095259	0.175279	15987.973633
4702.479309	0.095284	0.175279	16076.016602
4702.480165	0.095175	0.175279	16157.486328
4702.481210	0.095431	0.175279	16257.211914
4703.479746	1.312863	0.197544	563.218018
4703.480612	1.804266	0.197544	2125.712646
4703.481677	1.763738	0.197544	4004.093262
4703.482606	1.709432	0.197544	5592.155762
4703.483482	1.660371	0.197544	7046.640625
4703.484455	1.608776	0.197544	8611.979492
4703.485477	1.555551	0.197544	10201.751953
4703.486375	1.511338	0.197544	11558.933594
4703.487242	1.469249	0.197544	12832.772461
4703.488326	1.422327	0.197544	14374.574219
4703.489254	1.107546	0.197544	15402.376953
4703.490132	0.127306	0.197544	15514.151367
4703.491106	0.095255	0.197544	15606.929687
4703.492111	0.095204	0.197544	15702.609375
4703.492988	0.095284	0.197544	15786.173828
4703.493955	0.095394	0.197544	15878.419922
4703.494989	0.095405	0.197544	15977.069336
4703.495911	0.095262	0.197544	16064.901367
4703.496766	0.095288	0.197544	16146.373047
4703.497816	0.095314	0.197544	16246.452148
4703.498826	0.095270	0.197544	16342.674805
4704.542661	1.330591	0.169535	578.807007
4704.543530	1.803669	0.169535	2146.195801
4704.544630	1.761119	0.169535	4083.427246
4704.545604	1.704965	0.169535	5744.062500
4704.546477	1.655900	0.169535	7189.663086
4704.547500	1.600946	0.169535	8827.430664
4704.548548	1.548135	0.169535	10449.875977
4704.549443	1.503761	0.169535	11795.742187
4704.550360	1.460790	0.169535	13135.286133
4704.551428	1.413640	0.169535	14645.053711
4704.552387	0.810417	0.169535	15422.244141
4704.553250	0.100056	0.169535	15508.592773
4704.554287	0.095314	0.169535	15607.432617
4704.555297	0.095266	0.169535	15703.651367
4704.556178	0.095310	0.169535	15787.619141
4704.557133	0.095325	0.169535	15878.654297
4704.558171	0.095354	0.169535	15977.631836
4704.559100	0.095222	0.169535	16066.092773
4704.559960	0.095204	0.169535	16147.967773
4704.561017	0.095383	0.169535	16248.788086
4704.562031	0.095251	0.169535	16345.373047
4705.558994	1.328467	0.192871	579.211487
4705.559857	1.804559	0.192871	2136.546143
4705.560929	1.763361	0.192871	4026.868652
4705.561944	1.704269	0.192871	5756.701660
4705.562827	1.654457	0.192871	7217.586914
4705.563814	1.602781	0.192871	8799.531250
4705.564859	1.548922	0.192871	10418.154297
4705.565771	1.504570	0.192871	11790.322266
4705.566634	1.462064	0.192871	13052.083984
4705.567724	1.415544	0.192871	14595.027344
4705.568722	0.798171	0.192871	15391.602539
4705.569595	0.099027	0.192871	15478.052734
4705.570587	0.095266	0.192871	15572.556641
4705.571638	0.095156	0.192871	15672.565430
4705.572530	0.095156	0.192871	15757.444336
4705.573399	0.095288	0.192871	15840.250000
4705.574489	0.095306	0.192871	15944.133789
4705.575460	0.095142	0.192871	16036.516602
4705.576324	0.095175	0.192871	16118.747070
4705.577385	0.095292	0.192871	16219.851562
4705.578418	0.095204	0.192871	16318.197266
4706.621928	1.369241	0.174437	624.373779
4706.622814	1.805973	0.174437	2224.465820
4706.623686	1.772113	0.174437	3769.748535
4706.624695	1.714720	0.174437	5499.901367
4706.625608	1.660748	0.174437	7016.164551
4706.626524	1.611932	0.174437	8492.694336
4706.627403	1.565764	0.174437	9869.000977
4706.628435	1.516018	0.174437	11433.531250
4706.629338	1.472252	0.174437	12762.974609
4706.630205	1.433350	0.174437	14005.688477
4706.631280	1.202516	0.174437	15298.393555
4706.632228	0.144038	0.174437	15434.941406
4706.633101	0.095079	0.174437	15517.945312
4706.634047	0.095251	0.174437	15608.052734
4706.635082	0.095219	0.174437	15706.603516
4706.635960	0.095182	0.174437	15790.172852
4706.636822	0.095193	0.174437	15872.229492
4706.637873	0.095251	0.174437	15972.338867
4706.638810	0.095156	0.174437	16061.500000
4706.639675	0.095233	0.174437	16143.876953
4706.640600	0.095277	0.174437	16232.007812
4707.637786	1.396978	0.195908	708.267639
4707.638734	1.805947	0.195908	2420.305664
4707.639598	1.765375	0.195908	3945.589355
4707.640667	1.704053	0.195908	5767.221680
4707.641685	1.646880	0.195908	7443.745605
4707.642571	1.599939	0.195908	8861.291016
4707.643533	1.551544	0.195908	10353.876953
4707.644592	1.499846	0.195908	11942.213867
4707.645511	1.456326	0.195908	13280.577148
4707.646373	1.417138	0.195908	14502.149414
4707.647450	0.790155	0.195908	15353.146484
4707.648449	0.096467	0.195908	15449.517578
4707.649316	0.095332	0.195908	15532.170898
4707.650285	0.095314	0.195908	15624.530273
4707.651325	0.095391	0.195908	15723.736328
4707.652235	0.095262	0.195908	15810.424805
4707.653101	0.095317	0.195908	15892.969727
4707.654172	0.095409	0.195908	15995.152344
4707.655169	0.095266	0.195908	16090.132812
4707.656062	0.095244	0.195908	16175.185547
4707.657049	0.095339	0.195908	16269.285156
4708.703189	1.326797	0.171448	598.385376
4708.704283	1.802780	0.171448	2570.626221
4708.705246	1.755428	0.171448	4261.103516
4708.706121	1.704320	0.171448	5752.383789
4708.707163	1.646100	0.171448	7467.619629
4708.708197	1.591454	0.171448	9113.182617
4708.709092	1.545678	0.171448	10496.564453
4708.710032	1.500491	0.171448	11907.025391
4708.711099	1.450924	0.171448	13455.161133
4708.712048	1.408912	0.171448	14792.218750
4708.712925	0.762070	0.171448	15460.554687
4708.713993	0.096112	0.171448	15563.202148
4708.714987	0.095215	0.171448	15657.845703
4708.715876	0.095259	0.171448	15742.531250
4708.716857	0.095354	0.171448	15836.073242
4708.717904	0.095299	0.171448	15935.851562
4708.718804	0.095303	0.171448	16021.624023
4708.719661	0.095284	0.171448	16103.283203
4708.720733	0.095343	0.171448	16205.491211
4708.721726	0.095281	0.171448	16300.105469
4708.722604	0.095321	0.171448	16383.796875
4709.715903	1.319363	0.202220	563.367920
4709.716776	1.805193	0.202220	2139.301270
4709.717778	1.767905	0.202220	3910.742432
4709.718703	1.712736	0.202220	5495.022949
4709.719630	1.661052	0.202220	7034.818359
4709.720498	1.612852	0.202220	8434.773437
4709.721539	1.560575	0.202220	10059.332031
4709.722429	1.517139	0.202220	11409.585937
4709.723307	1.474926	0.202220	12704.570312
4709.724314	1.430801	0.202220	14145.386719
4709.725261	1.259077	0.202220	15337.732422
4709.726193	0.172430	0.202220	15498.437500
4709.727052	0.095281	0.202220	15580.283203
4709.728064	0.095167	0.202220	15676.592773
4709.728961	0.095240	0.202220	15762.023437
4709.729835	0.095215	0.202220	15845.241211
4709.730753	0.095277	0.202220	15932.706055
4709.731736	0.095310	0.202220	16026.395508
4709.732636	0.095277	0.202220	16112.144531
4709.733523	0.095123	0.202220	16196.518555
4709.734529	0.095270	0.202220	16292.360352
4710.782404	1.314943	0.168850	566.740234
4710.783423	1.802267	0.168850	2403.250000
4710.784459	1.757651	0.168850	4224.176758
4710.785352	1.704906	0.168850	5746.657715
4710.786218	1.654072	0.168850	7179.084473
4710.787306	1.598280	0.168850	8918.013672
4710.788284	1.548303	0.168850	10432.253906
4710.789146	1.505900	0.168850	11730.339844
4710.790150	1.459204	0.168850	13195.380859
4710.791205	1.412523	0.168850	14685.592773
4710.792101	0.856003	0.168850	15452.572266
4710.793002	0.101400	0.168850	15543.933594
4710.794078	0.095240	0.168850	15646.412109
4710.795027	0.095208	0.168850	15736.763672
4710.795899	0.095171	0.168850	15819.752930
4710.796922	0.095281	0.168850	15917.225586
4710.797950	0.095240	0.168850	16015.132812
4710.798845	0.095153	0.168850	16100.293945
4710.799759	0.095226	0.168850	16187.330078
4710.800825	0.095295	0.168850	16288.915039
4710.801774	0.095171	0.168850	16379.232422
4711.794670	1.382706	0.203570	648.489258
4711.795549	1.806160	0.203570	2236.103516
4711.796537	1.765331	0.203570	3980.250488
4711.797603	1.702936	0.203570	5795.580078
4711.798520	1.651425	0.203570	7309.936523
4711.799387	1.603154	0.203570	8699.871094
4711.800487	1.549186	0.203570	10403.975586
4711.801490	1.499410	0.203570	11907.883789
4711.802385	1.458307	0.203570	13213.068359
4711.803368	1.414999	0.203570	14604.011719
4711.804428	0.720648	0.203570	15367.898437
4711.805321	0.096819	0.203570	15454.357422
4711.806178	0.095358	0.203570	15536.079102
4711.807283	0.095314	0.203570	15641.400391
4711.808231	0.095215	0.203570	15731.664062
4711.809091	0.095398	0.203570	15813.706055
4711.810148	0.095336	0.203570	15914.475586
4711.811181	0.095251	0.203570	16012.870117
4711.812060	0.095266	0.203570	16096.609375
4711.812985	0.095255	0.203570	16184.720703
4711.814048	0.095398	0.203570	16286.128906
4712.863294	1.436027	0.165462	801.302917
4712.864342	1.802534	0.165462	2690.358887
4712.865230	1.756436	0.165462	4250.073730
4712.866118	1.703145	0.165462	5762.465820
4712.867207	1.644236	0.165462	7553.038574
4712.868156	1.593340	0.165462	9065.118164
4712.869021	1.549702	0.165462	10405.610352
4712.870067	1.499000	0.165462	11973.564453
4712.871102	1.451415	0.165462	13475.779297
4712.871979	1.411710	0.165462	14713.849609
4712.872910	0.789064	0.165462	15448.467773
4712.873995	0.096138	0.165462	15552.777344
4712.874931	0.095229	0.165462	15641.912109
4712.875800	0.095266	0.165462	15724.698242
4712.876836	0.095380	0.165462	15823.511719
4712.877851	0.095270	0.165462	15920.210937
4712.878736	0.095189	0.165462	16004.453125
4712.879698	0.095229	0.165462	16096.063477
4712.880753	0.095325	0.165462	16196.630859
4712.881681	0.095240	0.165462	16285.013672
4712.882539	0.095208	0.165462	16366.702148
4713.874907	1.344280	0.201145	594.171631
4713.875836	1.805621	0.201145	2271.593750
4713.876710	1.769187	0.201145	3817.863281
4713.877751	1.710253	0.201145	5598.236328
4713.878635	1.659470	0.201145	7065.208008
4713.879541	1.609775	0.201145	8523.664062
4713.880421	1.563981	0.201145	9899.966797
4713.881400	1.516871	0.201145	11384.984375
4713.882329	1.473157	0.201145	12753.546875
4713.883213	1.432863	0.201145	14020.197266
4713.884242	1.278395	0.201145	15335.666016
4713.885138	0.178645	0.201145	15495.732422
4713.886013	0.095120	0.201145	15578.961914
4713.886893	0.095222	0.201145	15662.757812
4713.887928	0.095237	0.201145	15761.328125
4713.888818	0.095101	0.201145	15845.968750
4713.889685	0.095248	0.201145	15928.548828
4713.890691	0.095259	0.201145	16024.378906
4713.891602	0.095068	0.201145	16110.986328
4713.892514	0.095226	0.201145	16197.832031
4713.893388	0.095204	0.201145	16281.040039
4714.942394	1.312991	0.170099	554.082092
4714.943454	1.803911	0.170099	2466.228027
4714.944452	1.756395	0.170099	4219.110352
4714.945348	1.704664	0.170099	5746.489746
4714.946337	1.649615	0.170099	7377.959473
4714.947394	1.594036	0.170099	9062.855469
4714.948292	1.547922	0.170099	10452.889648
4714.949157	1.503497	0.170099	11753.415039
4714.950285	1.452568	0.170099	13391.912109
4714.951263	1.409978	0.170099	14770.871094
4714.952138	0.806561	0.170099	15476.612305
4714.953199	0.096910	0.170099	15579.434570
4714.954210	0.095167	0.170099	15675.648437
4714.955095	0.095153	0.170099	15759.858398
4714.956027	0.095262	0.170099	15848.642578
4714.957094	0.095350	0.170099	15950.381836
4714.958027	0.095127	0.170099	16039.135742
4714.958886	0.095200	0.170099	16120.913086
4714.959938	0.095288	0.170099	16221.156250
4714.960948	0.095149	0.170099	16317.256836
4714.961816	0.095167	0.170099	16399.861328
4715.954155	1.366183	0.207312	642.105957
4715.955038	1.805995	0.207312	2236.799316
4715.955997	1.767144	0.207312	3931.489990
4715.957058	1.704869	0.207312	5740.356445
4715.957999	1.652043	0.207312	7294.929199
4715.958865	1.604762	0.207312	8684.653320
4715.959940	1.550530	0.207312	10351.472656
4715.960944	1.502021	0.207312	11859.501953
4715.961837	1.459922	0.207312	13163.211914
4715.962827	1.416526	0.207312	14565.572266
4715.963871	0.776085	0.207312	15375.805664
4715.964774	0.097811	0.207312	15464.128906
4715.965634	0.095284	0.207312	15546.073242
4715.966716	0.095383	0.207312	15649.278320
4715.967698	0.095219	0.207312	15742.783203
4715.968575	0.095156	0.207312	15826.235352
4715.969584	0.095413	0.207312	15922.506836
4715.970630	0.095255	0.207312	16022.143555
4715.971514	0.095288	0.207312	16106.377930
4715.972368	0.095343	0.207312	16187.800781
4715.973450	0.095328	0.207312	16290.946289
4717.022137	1.312225	0.165386	551.134644
4717.023216	1.803409	0.165386	2497.013428
4717.024214	1.755209	0.165386	4248.711914
4717.025111	1.703478	0.165386	5776.731445
4717.026089	1.649077	0.165386	7389.528809
4717.027141	1.593516	0.165386	9065.907227
4717.028051	1.547055	0.165386	10473.726562
4717.028916	1.502878	0.165386	11773.716797
4717.030034	1.452568	0.165386	13397.688477
4717.031006	1.409623	0.165386	14767.841797
4717.031886	0.799420	0.165386	15471.332031
4717.032935	0.097090	0.165386	15573.179687
4717.033971	0.095358	0.165386	15671.970703
4717.034850	0.095251	0.165386	15755.696289
4717.035772	0.095347	0.165386	15843.605469
4717.036838	0.095317	0.165386	15945.213867
4717.037783	0.095226	0.165386	16035.202148
4717.038649	0.095244	0.165386	16117.683594
4717.039697	0.095453	0.165386	16217.717773
4717.040718	0.095233	0.165386	16314.951172
4717.041594	0.095332	0.165386	16398.462891
4718.033452	1.417229	0.203223	736.959045
4718.034397	1.805416	0.203223	2443.077393
4718.035264	1.764247	0.203223	3972.679443
4718.036328	1.703470	0.203223	5785.171875
4718.037342	1.646927	0.203223	7455.156250
4718.038218	1.599587	0.203223	8856.394531
4718.039177	1.550713	0.203223	10343.528320
4718.040261	1.498909	0.203223	11968.345703
4718.041164	1.455425	0.203223	13282.593750
4718.042038	1.416233	0.203223	14520.380859
4718.043107	0.768468	0.203223	15341.873047
4718.044101	0.096174	0.203223	15437.470703
4718.044994	0.095116	0.203223	15522.409180
4718.045964	0.095383	0.203223	15614.930664
4718.047012	0.095343	0.203223	15714.850586
4718.047922	0.095240	0.203223	15801.519531
4718.048783	0.095193	0.203223	15883.480469
4718.049881	0.095295	0.203223	15988.115234
4718.050846	0.095083	0.203223	16079.870117
4718.051726	0.095171	0.203223	16163.620117
4718.052724	0.095402	0.203223	16258.831055
4719.101376	1.303242	0.166167	559.090881
4719.102336	1.801974	0.166167	2288.985840
4719.103386	1.759600	0.166167	4136.565430
4719.104315	1.705331	0.166167	5720.817871
4719.105178	1.655892	0.166167	7149.853027
4719.106223	1.599987	0.166167	8821.838867
4719.107248	1.548179	0.166167	10408.722656
4719.108141	1.504794	0.166167	11752.503906
4719.109110	1.459827	0.166167	13167.076172
4719.110165	1.412692	0.166167	14657.465820
4719.111103	0.819763	0.166167	15426.403320
4719.111963	0.100126	0.166167	15512.511719
4719.113044	0.095288	0.166167	15615.518555
4719.114023	0.095193	0.166167	15708.711914
4719.114906	0.095229	0.166167	15792.799805
4719.115895	0.095354	0.166167	15887.104492
4719.116934	0.095288	0.166167	15986.108398
4719.117840	0.095339	0.166167	16072.486328
4719.118700	0.095270	0.166167	16154.417969
4719.119781	0.095259	0.166167	16257.392578
4719.120739	0.095186	0.166167	16348.580078
4720.113188	1.407697	0.206478	727.779175
4720.114128	1.805632	0.206478	2425.073730
4720.114991	1.765349	0.206478	3948.570068
4720.116005	1.705917	0.206478	5678.369629
4720.117063	1.648099	0.206478	7422.058594
4720.117941	1.600042	0.206478	8826.894531
4720.118882	1.552214	0.206478	10287.528320
4720.119948	1.500597	0.206478	11887.164062
4720.120882	1.456410	0.206478	13247.451172
4720.121752	1.417577	0.206478	14480.743164
4720.122813	0.814728	0.206478	15345.168945
4720.123819	0.096698	0.206478	15442.447266
4720.124711	0.095240	0.206478	15527.401367
4720.125662	0.095277	0.206478	15618.009766
4720.126713	0.095277	0.206478	15718.145508
4720.127631	0.095240	0.206478	15805.576172
4720.128492	0.095369	0.206478	15887.688477
4720.129552	0.095325	0.206478	15988.732422
4720.130534	0.095281	0.206478	16082.297852
4720.131420	0.095193	0.206478	16166.638672
4720.132403	0.095336	0.206478	16260.353516
4721.180618	1.315203	0.170719	573.428345
4721.181497	1.804915	0.170719	2159.948242
4721.182362	1.773878	0.170719	3694.352783
4721.183408	1.714340	0.170719	5487.551758
4721.184305	1.661598	0.170719	6978.004883
4721.185224	1.613353	0.170719	8460.676758
4721.186086	1.566617	0.170719	9811.100586
4721.187106	1.517205	0.170719	11358.649414
4721.188002	1.474428	0.170719	12679.736328
4721.188886	1.435529	0.170719	13948.743164
4721.189869	1.323017	0.170719	15249.269531
4721.190819	0.213234	0.170719	15451.841797
4721.191737	0.095156	0.170719	15539.195312
4721.192602	0.095211	0.170719	15621.552734
4721.193623	0.095219	0.170719	15718.770508
4721.194503	0.095240	0.170719	15802.582031
4721.195380	0.095248	0.170719	15886.114258
4721.196333	0.095372	0.170719	15977.003906
4721.197314	0.095120	0.170719	16070.316406
4721.198202	0.095175	0.170719	16154.831055
4721.199086	0.095259	0.170719	16239.040039
4722.192439	1.442834	0.206285	786.344788
4722.193489	1.802007	0.206285	2678.451904
4722.194385	1.755491	0.206285	4251.371582
4722.195329	1.701658	0.206285	5857.736328
4722.196380	1.642331	0.206285	7583.826660
4722.197340	1.591630	0.206285	9111.791016
4722.198211	1.546849	0.206285	10459.096680
4722.199260	1.496364	0.206285	12028.782227
4722.200274	1.449371	0.206285	13498.445312
4722.201161	1.410330	0.206285	14749.407227
4722.202144	0.698844	0.206285	15436.371094
4722.203194	0.095775	0.206285	15536.934570
4722.204102	0.095156	0.206285	15623.336914
4722.204959	0.095186	0.206285	15704.911133
4722.206036	0.095328	0.206285	15807.580078
4722.207024	0.095090	0.206285	15901.529297
4722.207894	0.095248	0.206285	15984.394531
4722.208862	0.095266	0.206285	16076.612305
4722.209922	0.095219	0.206285	16177.543945
4722.210825	0.095178	0.206285	16263.490234
4722.211695	0.095350	0.206285	16346.445312
4723.259918	1.380015	0.170783	701.047424
4723.260796	1.806284	0.170783	2286.964844
4723.261661	1.767070	0.170783	3815.480469
4723.262776	1.704987	0.170783	5716.540527
4723.263746	1.651033	0.170783	7318.041992
4723.264617	1.604081	0.170783	8715.196289
4723.265656	1.551042	0.170783	10326.729492
4723.266698	1.500538	0.170783	11890.290039
4723.267591	1.458618	0.170783	13192.835937
4723.268526	1.417046	0.170783	14517.773437
4723.269604	0.760020	0.170783	15337.074219
4723.270542	0.096804	0.170783	15427.876953
4723.271404	0.095226	0.170783	15509.961914
4723.272457	0.095343	0.170783	15610.358398
4723.273471	0.095281	0.170783	15706.972656
4723.274350	0.095178	0.170783	15790.634766
4723.275323	0.095299	0.170783	15883.360352
4723.276358	0.095339	0.170783	15982.036133
4723.277284	0.095193	0.170783	16070.184570
4723.278141	0.095321	0.170783	16151.875000
4723.279179	0.095354	0.170783	16250.852539
4724.272650	1.385643	0.198816	696.978577
4724.273605	1.805402	0.198816	2421.136963
4724.274478	1.765126	0.198816	3962.091797
4724.275519	1.704203	0.198816	5736.166992
4724.276576	1.646078	0.198816	7476.071289
4724.277470	1.597775	0.198816	8904.481445
4724.278387	1.550651	0.198816	10326.427734
4724.279477	1.497953	0.198816	11959.196289
4724.280427	1.453539	0.198816	13340.058594
4724.281301	1.414797	0.198816	14576.591797
4724.282380	0.707794	0.198816	15340.301758
4724.283389	0.095757	0.198816	15436.919922
4724.284276	0.095193	0.198816	15521.356445
4724.285231	0.095314	0.198816	15612.380859
4724.286275	0.095222	0.198816	15711.792969
4724.287186	0.095189	0.198816	15798.510742
4724.288045	0.095284	0.198816	15880.360352
4724.289093	0.095244	0.198816	15980.175781
4724.290101	0.095233	0.198816	16076.170898
4724.290970	0.095101	0.198816	16158.813477
4724.291924	0.095295	0.198816	16249.725586
4725.338050	1.309537	0.169353	561.791504
4725.338912	1.803545	0.169353	2116.447266
4725.339981	1.764228	0.169353	4002.407471
4725.340861	1.711809	0.169353	5508.799316
4725.341741	1.662279	0.169353	6971.604980
4725.342719	1.610424	0.169353	8546.599609
4725.343662	1.560333	0.169353	10017.994141
4725.344578	1.516219	0.169353	11406.851562
4725.345456	1.473318	0.169353	12700.424805
4725.346493	1.428479	0.169353	14181.757812
4725.347392	1.288315	0.169353	15339.953125
4725.348278	0.190049	0.169353	15508.335937
4725.349217	0.095237	0.169353	15597.763672
4725.350202	0.095200	0.169353	15691.536133
4725.351117	0.095120	0.169353	15778.570312
4725.351980	0.095262	0.169353	15860.782227
4725.353012	0.095328	0.169353	15959.161133
4725.353896	0.095189	0.169353	16043.308594
4725.354814	0.095292	0.169353	16130.786133
4725.355676	0.095303	0.169353	16212.937500
4725.356717	0.095178	0.169353	16312.017578
4726.352916	1.384087	0.194680	705.884338
4726.353804	1.805870	0.194680	2309.497070
4726.354665	1.766598	0.194680	3830.537842
4726.355784	1.704847	0.194680	5738.261719
4726.356749	1.650403	0.194680	7330.900391
4726.357609	1.604165	0.194680	8710.482422
4726.358641	1.551182	0.194680	10311.301758
4726.359682	1.501088	0.194680	11873.933594
4726.360572	1.458351	0.194680	13171.866211
4726.361490	1.417895	0.194680	14473.494141
4726.362573	0.787262	0.194680	15326.098633
4726.363527	0.097028	0.194680	15418.663086
4726.364395	0.095087	0.194680	15501.198242
4726.365434	0.095339	0.194680	15600.255859
4726.366454	0.095251	0.194680	15697.412109
4726.367345	0.095255	0.194680	15782.284180
4726.368291	0.095321	0.194680	15872.458008
4726.369331	0.095251	0.194680	15971.519531
4726.370269	0.095160	0.194680	16060.779297
4726.371127	0.095178	0.194680	16142.442383
4726.372183	0.095295	0.194680	16243.074219
4727.417272	1.298339	0.162972	545.302246
4727.418228	1.802051	0.162972	2268.062744
4727.419288	1.759321	0.162972	4132.943359
4727.420222	1.705001	0.162972	5725.414551
4727.421090	1.654797	0.162972	7161.778320
4727.422177	1.598108	0.162972	8898.921875
4727.423171	1.547216	0.162972	10436.854492
4727.424059	1.503885	0.162972	11772.304687
4727.425056	1.457908	0.162972	13225.838867
4727.426105	1.411593	0.162972	14706.599609
4727.427013	0.812010	0.162972	15443.905273
4727.427874	0.099891	0.162972	15529.912109
4727.428976	0.095284	0.162972	15634.916016
4727.429931	0.095273	0.162972	15725.902344
4727.430797	0.095244	0.162972	15808.383789
4727.431787	0.095347	0.162972	15902.777344
4727.432849	0.095306	0.162972	16003.993164
4727.433737	0.095219	0.162972	16088.546875
4727.434601	0.095270	0.162972	16170.860352
4727.435698	0.095310	0.162972	16275.415039
4727.436656	0.095219	0.162972	16366.634766
4728.433613	1.330265	0.183988	582.656067
4728.434487	1.805065	0.183988	2160.282715
4728.435349	1.771315	0.183988	3687.156006
4728.436399	1.712505	0.183988	5485.286133
4728.437288	1.662301	0.183988	6963.071777
4728.438176	1.614855	0.183988	8397.062500
4728.439165	1.564384	0.183988	9944.238281
4728.440109	1.517146	0.183988	11376.423828
4728.441035	1.472498	0.183988	12739.957031
4728.441903	1.433485	0.183988	13984.222656
4728.442945	1.288477	0.183988	15326.815430
4728.443834	0.191660	0.183988	15497.201172
4728.444708	0.095142	0.183988	15580.354492
4728.445686	0.095299	0.183988	15673.556641
4728.446643	0.095160	0.183988	15764.625000
4728.447507	0.095120	0.183988	15846.808594
4728.448434	0.095240	0.183988	15935.096680
4728.449481	0.095208	0.183988	16034.779297
4728.450372	0.095193	0.183988	16119.595703
4728.451236	0.095292	0.183988	16201.927734
4728.452254	0.095292	0.183988	16298.934570
4729.496072	1.354153	0.157844	679.784729
4729.496975	1.805665	0.157844	2310.300537
4729.497902	1.765638	0.157844	3947.047363
4729.498771	1.714285	0.157844	5436.760742
4729.499741	1.659540	0.157844	7046.514648
4729.500688	1.609105	0.157844	8570.336914
4729.501568	1.563406	0.157844	9946.133789
4729.502552	1.515527	0.157844	11437.413086
4729.503464	1.470619	0.157844	12778.617187
4729.504393	1.429629	0.157844	14106.742187
4729.505261	1.261545	0.157844	15201.763672
4729.506308	0.152281	0.157844	15361.202148
4729.507196	0.095028	0.157844	15445.586914
4729.508069	0.095138	0.157844	15528.642578
4729.509047	0.095332	0.157844	15621.876953
4729.509984	0.095208	0.157844	15711.085937
4729.510898	0.095167	0.157844	15798.068359
4729.511762	0.095200	0.157844	15880.321289
4729.512794	0.095244	0.157844	15978.613281
4729.513676	0.095251	0.157844	16062.625000
4729.514538	0.095123	0.157844	16144.621094
4730.514969	1.404320	0.177926	707.777344
4730.516001	1.803179	0.177926	2568.657715
4730.516894	1.758728	0.177926	4139.202148
4730.517831	1.704536	0.177926	5736.352539
4730.518902	1.644488	0.177926	7497.599609
4730.519839	1.594724	0.177926	8991.856445
4730.520704	1.549922	0.177926	10332.539062
4730.521761	1.499282	0.177926	11917.280273
4730.522764	1.452737	0.177926	13374.375000
4730.523652	1.413131	0.177926	14629.235352
4730.524626	0.796124	0.177926	15404.660156
4730.525659	0.096801	0.177926	15504.655273
4730.526576	0.095208	0.177926	15591.960937
4730.527434	0.095314	0.177926	15673.740234
4730.528496	0.095321	0.177926	15774.970703
4730.529496	0.095328	0.177926	15870.298828
4730.530363	0.095292	0.177926	15952.916992
4730.531322	0.095295	0.177926	16044.305664
4730.532382	0.095284	0.177926	16145.307617
4730.533287	0.095229	0.177926	16231.490234
4730.534155	0.095306	0.177926	16314.215820
4731.574218	1.324310	0.148152	585.345154
4731.575299	1.802681	0.148152	2534.042969
4731.576262	1.756172	0.148152	4225.236328
4731.577134	1.705074	0.148152	5712.061523
4731.578159	1.647968	0.148152	7401.228516
4731.579206	1.592725	0.148152	9068.811523
4731.580103	1.546699	0.148152	10456.201172
4731.581039	1.501685	0.148152	11861.778320
4731.582114	1.451605	0.148152	13422.253906
4731.583060	1.409817	0.148152	14755.940430
4731.583933	0.807755	0.148152	15461.110352
4731.585009	0.096255	0.148152	15564.680664
4731.586005	0.095171	0.148152	15659.470703
4731.586888	0.095284	0.148152	15743.606445
4731.587852	0.095314	0.148152	15835.489258
4731.588895	0.095295	0.148152	15934.882812
4731.589812	0.095167	0.148152	16022.151367
4731.590672	0.095299	0.148152	16104.108398
4731.591747	0.095402	0.148152	16206.665039
4731.592757	0.095211	0.148152	16302.828125
4731.593627	0.095299	0.148152	16385.738281
4732.596166	1.311892	0.164652	565.425476
4732.597038	1.804907	0.164652	2139.304443
4732.598050	1.765624	0.164652	3926.115723
4732.599089	1.705620	0.164652	5698.254883
4732.599985	1.655079	0.164652	7181.206055
4732.600906	1.605714	0.164652	8660.068359
4732.601977	1.550900	0.164652	10321.082031
4732.602919	1.504420	0.164652	11738.246094
4732.603791	1.463723	0.164652	13014.612305
4732.604831	1.417668	0.164652	14488.987305
4732.605854	0.866770	0.164652	15375.693359
4732.606742	0.100419	0.164652	15464.865234
4732.607690	0.095306	0.164652	15555.215820
4732.608729	0.095197	0.164652	15654.125000
4732.609649	0.095109	0.164652	15741.625000
4732.610508	0.095156	0.164652	15823.364258
4732.611562	0.095240	0.164652	15923.748047
4732.612570	0.095248	0.164652	16019.757812
4732.613452	0.095098	0.164652	16103.633789
4732.614418	0.095277	0.164652	16195.671875
4732.615470	0.095292	0.164652	16295.918945
4733.652026	1.441011	0.149740	798.320007
4733.652955	1.804486	0.149740	2474.687500
4733.653886	1.760116	0.149740	4113.355469
4733.654759	1.708151	0.149740	5604.570801
4733.655802	1.650937	0.149740	7326.498535
4733.656702	1.602799	0.149740	8769.017578
4733.657584	1.557799	0.149740	10142.996094
4733.658568	1.510203	0.149740	11629.035156
4733.659524	1.464445	0.149740	13029.043945
4733.660456	1.423524	0.149740	14355.768555
4733.661322	1.184656	0.149740	15381.680664
4733.662367	0.122029	0.149740	15509.201172
4733.663240	0.095145	0.149740	15592.262695
4733.664113	0.095182	0.149740	15675.356445
4733.665046	0.095233	0.149740	15764.208984
4733.666024	0.095237	0.149740	15857.350586
4733.666896	0.095142	0.149740	15940.314453
4733.667759	0.095240	0.149740	16022.506836
4733.668861	0.095098	0.149740	16127.304687
4733.669755	0.095160	0.149740	16212.377930
4733.670615	0.095153	0.149740	16294.208984
4734.676918	1.303092	0.155162	547.298645
4734.677968	1.802783	0.155162	2440.220947
4734.678991	1.755234	0.155162	4235.825684
4734.679882	1.703632	0.155162	5753.761230
4734.680842	1.650139	0.155162	7337.895020
4734.681910	1.593160	0.155162	9039.390625
4734.682831	1.546655	0.155162	10463.860352
4734.683703	1.503014	0.155162	11774.488281
4734.684786	1.453206	0.155162	13348.309570
4734.685784	1.409165	0.155162	14754.656250
4734.686684	0.774507	0.155162	15451.712891
4734.687677	0.098086	0.155162	15549.112305
4734.688725	0.095383	0.155162	15649.074219
4734.689626	0.095189	0.155162	15734.839844
4734.690489	0.095219	0.155162	15817.013672
4734.691573	0.095317	0.155162	15920.337891
4734.692526	0.095079	0.155162	16010.948242
4734.693398	0.095204	0.155162	16093.965820
4734.694398	0.095255	0.155162	16189.220703
4734.695448	0.095208	0.155162	16289.188477
4734.696326	0.095219	0.155162	16372.790039
4735.730103	1.299730	0.146831	548.486145
4735.731160	1.802681	0.146831	2453.919434
4735.732187	1.755571	0.146831	4256.891113
4735.733064	1.703679	0.146831	5751.017578
4735.734022	1.650710	0.146831	7332.398437
4735.735082	1.593684	0.146831	9021.703125
4735.736018	1.546381	0.146831	10469.115234
4735.736887	1.503168	0.146831	11775.368164
4735.737948	1.454458	0.146831	13318.547852
4735.738952	1.409681	0.146831	14733.868164
4735.739853	0.795209	0.146831	15450.351562
4735.740813	0.099239	0.146831	15545.621094
4735.741860	0.095197	0.146831	15645.291992
4735.742773	0.095240	0.146831	15732.246094
4735.743636	0.095262	0.146831	15814.458008
4735.744701	0.095358	0.146831	15916.013672
4735.745677	0.095193	0.146831	16008.921875
4735.746563	0.095229	0.146831	16093.294922
4735.747556	0.095277	0.146831	16187.905273
4735.748604	0.095259	0.146831	16287.736328
4735.749505	0.095138	0.146831	16373.456055
4736.757792	1.404499	0.149127	713.485718
4736.758798	1.803922	0.149127	2528.231445
4736.759689	1.760171	0.149127	4096.543945
4736.760643	1.705232	0.149127	5723.334961
4736.761697	1.646122	0.149127	7458.347656
4736.762631	1.595720	0.149127	8948.750000
4736.763499	1.550156	0.149127	10294.285156
4736.764587	1.498949	0.149127	11925.141602
4736.765579	1.452199	0.149127	13365.722656
4736.766478	1.413157	0.149127	14636.150391
4736.767465	0.766516	0.149127	15392.702148
4736.768514	0.096291	0.149127	15493.711914
4736.769408	0.095164	0.149127	15578.788086
4736.770265	0.095270	0.149127	15660.434570
4736.771365	0.095398	0.149127	15765.372070
4736.772330	0.095244	0.149127	15857.282227
4736.773199	0.095222	0.149127	15940.030273
4736.774204	0.095226	0.149127	16035.732422
4736.775252	0.095262	0.149127	16135.567383
4736.776121	0.095240	0.149127	16218.331055
4736.776989	0.095321	0.149127	16301.069336
4737.809863	1.316572	0.146021	568.759155
4737.810731	1.804541	0.146021	2135.100586
4737.811757	1.765488	0.146021	3946.491699
4737.812677	1.711615	0.146021	5521.177734
4737.813554	1.661975	0.146021	6978.729980
4737.814422	1.612954	0.146021	8378.774414
4737.815484	1.560139	0.146021	10035.642578
4737.816382	1.516571	0.146021	11397.523437
4737.817258	1.474211	0.146021	12688.932617
4737.818264	1.430552	0.146021	14128.067383
4737.819197	1.275864	0.146021	15318.449219
4737.820129	0.181846	0.146021	15487.929687
4737.820986	0.095142	0.146021	15569.465820
4737.822026	0.095167	0.146021	15668.439453
4737.822906	0.095229	0.146021	15752.241211
4737.823779	0.095178	0.146021	15835.332031
4737.824722	0.095251	0.146021	15925.154297
4737.825677	0.095215	0.146021	16016.083984
4737.826595	0.095204	0.146021	16103.481445
4737.827465	0.095189	0.146021	16186.295898
4737.828526	0.095277	0.146021	16287.384766
4738.836406	1.298456	0.158114	545.351379
4738.837422	1.803098	0.158114	2377.299072
4738.838475	1.755981	0.158114	4226.347656
4738.839370	1.703763	0.158114	5751.215820
4738.840309	1.651392	0.158114	7301.872559
4738.841376	1.594167	0.158114	9002.849609
4738.842320	1.546813	0.158114	10463.041016
4738.843186	1.503347	0.158114	11764.939453
4738.844259	1.454213	0.158114	13325.309570
4738.845265	1.409634	0.158114	14743.401367
4738.846166	0.782677	0.158114	15448.593750
4738.847138	0.098936	0.158114	15544.758789
4738.848174	0.095226	0.158114	15643.413086
4738.849089	0.095255	0.158114	15730.571289
4738.849948	0.095262	0.158114	15812.401367
4738.851015	0.095424	0.158114	15914.218750
4738.852014	0.095186	0.158114	16009.309570
4738.852887	0.095251	0.158114	16092.463867
4738.853856	0.095328	0.158114	16184.836914
4738.854914	0.095215	0.158114	16285.574219
4738.855802	0.095262	0.158114	16370.166992
4739.888159	1.400321	0.153333	721.165405
4739.889059	1.805603	0.153333	2346.208008
4739.889921	1.765598	0.153333	3868.153809
4739.891027	1.703844	0.153333	5752.605469
4739.892015	1.648048	0.153333	7380.876953
4739.892900	1.601107	0.153333	8797.856445
4739.893908	1.550383	0.153333	10360.642578
4739.894967	1.499154	0.153333	11948.246094
4739.895853	1.457530	0.153333	13239.618164
4739.896755	1.415409	0.153333	14516.317383
4739.897867	0.728569	0.153333	15326.486328
4739.898790	0.096387	0.153333	15415.451172
4739.899654	0.095219	0.153333	15497.719727
4739.900676	0.095277	0.153333	15595.092773
4739.901713	0.095193	0.153333	15693.807617
4739.902599	0.095233	0.153333	15778.184570
4739.903519	0.095204	0.153333	15865.772461
4739.904581	0.095222	0.153333	15966.898437
4739.905525	0.095156	0.153333	16056.725586
4739.906392	0.095197	0.153333	16139.260742
4739.907436	0.095189	0.153333	16238.638672
4740.916665	1.304663	0.161450	554.481812
4740.917716	1.802600	0.161450	2449.014404
4740.918677	1.759442	0.161450	4139.838379
4740.919550	1.708304	0.161450	5631.187988
4740.920440	1.655885	0.161450	7104.925781
4740.921526	1.600115	0.161450	8842.650391
4740.922420	1.553906	0.161450	10231.842773
4740.923288	1.511957	0.161450	11544.221680
4740.924312	1.463229	0.161450	13042.568359
4740.925285	1.420342	0.161450	14424.560547
4740.926164	1.128461	0.161450	15416.477539
4740.927039	0.132151	0.161450	15532.109375
4740.928152	0.095208	0.161450	15638.075195
4740.929048	0.095248	0.161450	15723.416992
4740.929907	0.095175	0.161450	15805.171875
4740.930995	0.095288	0.161450	15908.845703
4740.931966	0.095090	0.161450	16001.178711
4740.932839	0.095273	0.161450	16084.352539
4740.933706	0.095310	0.161450	16166.986328
4740.934807	0.095295	0.161450	16271.906250
4740.935694	0.095156	0.161450	16356.309570
4741.966259	1.304095	0.157401	545.111877
4741.967323	1.802728	0.157401	2463.214844
4741.968336	1.754619	0.157401	4240.644043
4741.969230	1.703353	0.157401	5763.441895
4741.970220	1.648250	0.157401	7395.208984
4741.971277	1.592454	0.157401	9078.432617
4741.972195	1.545190	0.157401	10496.916992
4741.973060	1.501501	0.157401	11795.715820
4741.974169	1.451609	0.157401	13405.549805
4741.975133	1.408722	0.157401	14763.557617
4741.976023	0.778894	0.157401	15456.773437
4741.977031	0.097815	0.157401	15555.371094
4741.978083	0.095270	0.157401	15655.594727
4741.978977	0.095175	0.157401	15740.680664
4741.979892	0.095204	0.157401	15827.791992
4741.980757	0.095204	0.157401	15910.143555
4741.981733	0.095284	0.157401	16003.141602
4741.982654	0.095270	0.157401	16090.884766
4741.983520	0.095233	0.157401	16173.356445
4741.984489	0.095284	0.157401	16265.687500
4741.985413	0.095142	0.157401	16353.598633
4742.995408	1.329412	0.168334	584.941101
4742.996272	1.803713	0.168334	2143.349609
4742.997362	1.761782	0.168334	4063.692139
4742.998353	1.703346	0.168334	5751.708008
4742.999231	1.654182	0.168334	7204.080078
4743.000226	1.600708	0.168334	8796.784180
4743.001287	1.547681	0.168334	10438.873047
4743.002182	1.503940	0.168334	11784.899414
4743.003056	1.460559	0.168334	13061.427734
4743.004160	1.413292	0.168334	14621.702148
4743.005120	0.821514	0.168334	15410.355469
4743.005993	0.099792	0.168334	15497.474609
4743.007009	0.095372	0.168334	15594.373047
4743.008045	0.095310	0.168334	15693.114258
4743.008928	0.095255	0.168334	15777.224609
4743.009840	0.095233	0.168334	15864.077148
4743.010908	0.095409	0.168334	15965.973633
4743.011848	0.095208	0.168334	16055.468750
4743.012706	0.095208	0.168334	16137.157227
4743.013746	0.095358	0.168334	16236.329102
4743.014764	0.095328	0.168334	16333.373047
4744.044997	1.310167	0.159609	564.682068
4744.045866	1.804651	0.159609	2132.923584
4744.046894	1.765009	0.159609	3947.352539
4744.047935	1.705027	0.159609	5722.285645
4744.048828	1.654303	0.159609	7199.578125
4744.049774	1.603770	0.159609	8716.744141
4744.050846	1.548907	0.159609	10377.172852
4744.051798	1.502465	0.159609	11807.519531
4744.052665	1.461248	0.159609	13074.420898
4744.053748	1.413863	0.159609	14605.634766
4744.054761	0.753179	0.159609	15368.604492
4744.055655	0.097800	0.159609	15456.038086
4744.056614	0.095273	0.159609	15547.405273
4744.057669	0.095219	0.159609	15647.860352
4744.058580	0.095134	0.159609	15734.527344
4744.059440	0.095208	0.159609	15816.406250
4744.060496	0.095332	0.159609	15917.077148
4744.061497	0.095226	0.159609	16012.398437
4744.062369	0.095299	0.159609	16095.499023
4744.063359	0.095350	0.159609	16189.895508
4744.064414	0.095288	0.159609	16290.424805
4745.074192	1.380974	0.170010	697.391968
4745.075113	1.805350	0.170010	2360.119629
4745.075974	1.766356	0.170010	3880.952393
4745.077020	1.706049	0.170010	5665.479492
4745.078030	1.649407	0.170010	7331.380371
4745.078923	1.602334	0.170010	8762.264648
4745.079901	1.552584	0.170010	10280.692383
4745.080951	1.501033	0.170010	11856.776367
4745.081874	1.458175	0.170010	13202.671875
4745.082743	1.418170	0.170010	14435.061523
4745.083846	0.802306	0.170010	15320.004883
4745.084815	0.096650	0.170010	15413.659180
4745.085693	0.095182	0.170010	15497.228516
4745.086680	0.095303	0.170010	15591.291992
4745.087718	0.095303	0.170010	15690.215820
4745.088617	0.095240	0.170010	15775.836914
4745.089479	0.095317	0.170010	15858.000977
4745.090558	0.095339	0.170010	15960.872070
4745.091523	0.095255	0.170010	16052.792969
4745.092384	0.095251	0.170010	16134.804687
4745.093474	0.095284	0.170010	16238.665039
4746.127849	1.363656	0.151875	638.190979
4746.128726	1.805625	0.151875	2221.724121
4746.129588	1.771223	0.151875	3748.518555
4746.130667	1.709769	0.151875	5593.359863
4746.131610	1.656255	0.151875	7155.208008
4746.132491	1.609204	0.151875	8572.916992
4746.133467	1.559777	0.151875	10095.258789
4746.134488	1.509261	0.151875	11636.214844
4746.135373	1.467034	0.151875	12934.540039
4746.136236	1.427666	0.151875	14166.616211
4746.137306	1.085134	0.151875	15327.709961
4746.138245	0.118931	0.151875	15439.385742
4746.139109	0.095189	0.151875	15521.628906
4746.140050	0.095325	0.151875	15611.329102
4746.141090	0.095200	0.151875	15710.336914
4746.141983	0.095193	0.151875	15795.343750
4746.142845	0.095204	0.151875	15877.409180
4746.143875	0.095369	0.151875	15975.638672
4746.144828	0.095222	0.151875	16066.385742
4746.145708	0.095149	0.151875	16150.117187
4746.146605	0.095336	0.151875	16235.632812
4747.152314	1.303532	0.168620	552.697388
4747.153368	1.802915	0.168620	2452.969727
4747.154383	1.755970	0.168620	4235.279785
4747.155281	1.703200	0.168620	5764.752930
4747.156238	1.650132	0.168620	7343.929199
4747.157292	1.593900	0.168620	9023.900391
4747.158219	1.546809	0.168620	10457.791992
4747.159083	1.503435	0.168620	11756.759766
4747.160157	1.454575	0.168620	13318.973633
4747.161175	1.409784	0.168620	14754.133789
4747.162060	0.800178	0.168620	15462.291016
4747.163059	0.099199	0.168620	15561.390625
4747.164091	0.095182	0.168620	15659.618164
4747.164996	0.095197	0.168620	15745.771484
4747.165851	0.095175	0.168620	15827.145508
4747.166917	0.095255	0.168620	15928.687500
4747.167906	0.095094	0.168620	16022.735352
4747.168794	0.095189	0.168620	16107.263672
4747.169763	0.095365	0.168620	16199.671875
4747.170810	0.095273	0.168620	16299.422852
4747.171717	0.095200	0.168620	16385.769531
4748.204992	1.310526	0.154360	559.594666
4748.205871	1.802069	0.154360	2143.613281
4748.206984	1.760343	0.154360	4102.875000
4748.207942	1.704185	0.154360	5735.483887
4748.208809	1.655068	0.154360	7170.428223
4748.209822	1.600477	0.154360	8791.711914
4748.210864	1.548051	0.154360	10404.780273
4748.211759	1.504677	0.154360	11751.465820
4748.212687	1.460519	0.154360	13106.827148
4748.213757	1.413223	0.154360	14618.975586
4748.214707	0.836730	0.154360	15413.869141
4748.215571	0.100521	0.154360	15500.719727
4748.216633	0.095182	0.154360	15601.802734
4748.217656	0.095079	0.154360	15699.069336
4748.218544	0.095244	0.154360	15783.646484
4748.219492	0.095343	0.154360	15874.031250
4748.220545	0.095321	0.154360	15974.404297
4748.221470	0.095219	0.154360	16062.481445
4748.222328	0.095211	0.154360	16144.172852
4748.223402	0.095343	0.154360	16246.571289
4748.224393	0.095211	0.154360	16340.925781
4749.233183	1.401936	0.166002	713.585449
4749.234192	1.803823	0.166002	2533.643066
4749.235086	1.759713	0.166002	4106.826660
4749.236038	1.704957	0.166002	5729.945801
4749.237088	1.646191	0.166002	7458.446777
4749.238014	1.596420	0.166002	8936.731445
4749.238878	1.551540	0.166002	10277.262695
4749.239941	1.500850	0.166002	11872.666016
4749.240951	1.453912	0.166002	13341.117187
4749.241831	1.414482	0.166002	14585.861328
4749.242832	0.803163	0.166002	15389.827148
4749.243885	0.096705	0.166002	15491.658203
4749.244778	0.095167	0.166002	15576.642578
4749.245646	0.095200	0.166002	15659.276367
4749.246743	0.095391	0.166002	15763.919922
4749.247731	0.095175	0.166002	15857.952148
4749.248626	0.095193	0.166002	15943.149414
4749.249608	0.095255	0.166002	16036.689453
4749.250661	0.095240	0.166002	16136.977539
4749.251544	0.095142	0.166002	16220.987305
4749.252414	0.095211	0.166002	16303.821289
4750.286882	1.355955	0.149433	714.588074
4750.287830	1.804438	0.149433	2425.195801
4750.288737	1.761786	0.149433	4023.135742
4750.289617	1.710392	0.149433	5528.280273
4750.290643	1.653442	0.149433	7224.711914
4750.291552	1.604348	0.149433	8683.064453
4750.292436	1.558583	0.149433	10060.851562
4750.293372	1.512869	0.149433	11476.896484
4750.294365	1.466250	0.149433	12932.882812
4750.295278	1.425139	0.149433	14234.035156
4750.296159	1.263365	0.149433	15347.060547
4750.297281	0.120260	0.149433	15481.992187
4750.298178	0.095167	0.149433	15567.357422
4750.299054	0.095193	0.149433	15650.746094
4750.299953	0.095240	0.149433	15736.367187
4750.300977	0.095116	0.149433	15833.765625
4750.301855	0.095160	0.149433	15917.316406
4750.302725	0.095259	0.149433	16000.191406
4750.303713	0.095314	0.149433	16094.361328
4750.304644	0.095167	0.149433	16182.961914
4750.305568	0.095186	0.149433	16270.913086
4751.310354	1.387247	0.173156	706.108887
4751.311250	1.805724	0.173156	2324.037598
4751.312115	1.766052	0.173156	3851.672852
4751.313231	1.703320	0.173156	5752.578125
4751.314204	1.648422	0.173156	7356.492187
4751.315090	1.601239	0.173156	8775.189453
4751.316096	1.550808	0.173156	10335.302734
4751.317144	1.499755	0.173156	11907.045898
4751.318043	1.457677	0.173156	13217.498047
4751.318933	1.417170	0.173156	14478.779297
4751.320036	0.762722	0.173156	15320.061523
4751.320981	0.096757	0.173156	15411.496094
4751.321838	0.095288	0.173156	15493.158203
4751.322873	0.095394	0.173156	15591.891602
4751.323907	0.095204	0.173156	15690.332031
4751.324786	0.095149	0.173156	15773.967773
4751.325715	0.095317	0.173156	15862.517578
4751.326766	0.095281	0.173156	15962.657227
4751.327699	0.095215	0.173156	16051.492187
4751.328557	0.095237	0.173156	16133.205078
4751.329577	0.095365	0.173156	16230.477539
4752.365548	1.334659	0.144603	632.628601
4752.366638	1.801886	0.144603	2596.684326
4752.367585	1.754985	0.144603	4258.655273
4752.368448	1.703525	0.144603	5728.797852
4752.369486	1.645836	0.144603	7437.175781
4752.370517	1.591373	0.144603	9077.881836
4752.371409	1.546091	0.144603	10456.995117
4752.372365	1.500425	0.144603	11891.401367
4752.373435	1.450199	0.144603	13443.114258
4752.374369	1.408597	0.144603	14758.744141
4752.375249	0.776257	0.144603	15441.850586
4752.376314	0.096156	0.144603	15544.256836
4752.377313	0.095259	0.144603	15639.419922
4752.378202	0.095347	0.144603	15724.183594
4752.379171	0.095380	0.144603	15816.606445
4752.380217	0.095255	0.144603	15916.243164
4752.381131	0.095292	0.144603	16003.339844
4752.381992	0.095306	0.144603	16085.398437
4752.383077	0.095343	0.144603	16188.845703
4752.384075	0.095237	0.144603	16283.891602
4752.384954	0.095204	0.144603	16367.576172
4753.391550	1.303414	0.156487	551.344238
4753.392414	1.802124	0.156487	2108.379395
4753.393539	1.761475	0.156487	4090.038330
4753.394418	1.708162	0.156487	5591.512207
4753.395297	1.659254	0.156487	7049.996582
4753.396303	1.604887	0.156487	8664.512695
4753.397308	1.553240	0.156487	10225.518555
4753.398212	1.509441	0.156487	11590.052734
4753.399206	1.462551	0.156487	13043.828125
4753.400266	1.416394	0.156487	14545.206055
4753.401172	0.974601	0.156487	15428.194336
4753.402038	0.108673	0.156487	15522.305664
4753.403099	0.095266	0.156487	15623.382812
4753.404065	0.095153	0.156487	15715.299805
4753.404929	0.095255	0.156487	15797.600586
4753.405957	0.095310	0.156487	15895.579102
4753.406984	0.095237	0.156487	15993.387695
4753.407865	0.095219	0.156487	16077.275391
4753.408748	0.095361	0.156487	16161.479492
4753.409826	0.095354	0.156487	16264.271484
4753.410770	0.095138	0.156487	16354.082031
4754.443758	1.373690	0.150678	633.271179
4754.444640	1.804541	0.150678	2224.876221
4754.445566	1.768326	0.150678	3862.346436
4754.446432	1.716053	0.150678	5348.448730
4754.447424	1.661873	0.150678	6997.026367
4754.448331	1.612354	0.150678	8459.430664
4754.449210	1.567053	0.150678	9836.870117
4754.450226	1.517215	0.150678	11378.361328
4754.451130	1.473369	0.150678	12710.287109
4754.452007	1.434324	0.150678	13968.189453
4754.452941	1.329056	0.150678	15209.528320
4754.453944	0.200786	0.150678	15410.916992
4754.454858	0.095186	0.150678	15497.916992
4754.455734	0.095204	0.150678	15581.315430
4754.456745	0.095266	0.150678	15677.629883
4754.457644	0.095175	0.150678	15763.191406
4754.458557	0.095160	0.150678	15850.072266
4754.459417	0.095292	0.150678	15932.023437
4754.460439	0.095171	0.150678	16029.288086
4754.461331	0.095270	0.150678	16114.268555
4754.462209	0.095204	0.150678	16197.857422
4755.470307	1.353911	0.165535	625.506958
4755.471180	1.804882	0.165535	2201.168457
4755.472151	1.766268	0.165535	3916.215088
4755.473217	1.704873	0.165535	5733.609863
4755.474119	1.653296	0.165535	7224.882812
4755.474991	1.605095	0.165535	8624.525391
4755.476064	1.551848	0.165535	10289.658203
4755.477062	1.502618	0.165535	11789.271484
4755.477969	1.460328	0.165535	13113.789062
4755.478955	1.417200	0.165535	14511.148437
4755.480016	0.796472	0.165535	15356.205078
4755.480916	0.098009	0.165535	15444.413086
4755.481777	0.095211	0.165535	15526.389648
4755.482894	0.095325	0.165535	15632.867187
4755.483851	0.095215	0.165535	15723.988281
4755.484722	0.095189	0.165535	15806.898437
4755.485758	0.095365	0.165535	15905.696289
4755.486790	0.095405	0.165535	16004.154297
4755.487676	0.095149	0.165535	16088.456055
4755.488596	0.095281	0.165535	16176.114258
4755.489655	0.095328	0.165535	16277.067383
4756.523496	1.363795	0.151085	634.164734
4756.524374	1.805120	0.151085	2219.059814
4756.525355	1.765928	0.151085	3951.434814
4756.526417	1.704221	0.151085	5761.317871
4756.527330	1.652234	0.151085	7269.807617
4756.528198	1.604553	0.151085	8662.559570
4756.529269	1.551299	0.151085	10324.000000
4756.530263	1.502574	0.151085	11817.558594
4756.531137	1.461603	0.151085	13094.999023
4756.532114	1.418302	0.151085	14480.679687
4756.533172	0.823674	0.151085	15352.126953
4756.534076	0.098939	0.151085	15441.568359
4756.534941	0.095153	0.151085	15523.875000
4756.536036	0.095288	0.151085	15628.215820
4756.537006	0.095208	0.151085	15720.567383
4756.537890	0.095189	0.151085	15804.714844
4756.538882	0.095347	0.151085	15899.298828
4756.539941	0.095314	0.151085	16000.236328
4756.540828	0.095164	0.151085	16084.646484
4756.541710	0.095262	0.151085	16168.667969
4756.542819	0.095391	0.151085	16274.456055
4757.549586	1.385156	0.164189	703.659363
4757.550509	1.805204	0.164189	2369.862549
4757.551388	1.766184	0.164189	3922.338379
4757.552361	1.710253	0.164189	5586.414062
4757.553371	1.652783	0.164189	7255.725098
4757.554254	1.605725	0.164189	8673.580078
4757.555120	1.559875	0.164189	10024.432617
4757.556190	1.508610	0.164189	11638.644531
4757.557126	1.463994	0.164189	13008.943359
4757.558001	1.425201	0.164189	14255.994141
4757.558961	1.101782	0.164189	15313.705078
4757.559993	0.113009	0.164189	15430.330078
4757.560886	0.095270	0.164189	15515.406250
4757.561750	0.095175	0.164189	15597.636719
4757.562788	0.095266	0.164189	15696.522461
4757.563727	0.095193	0.164189	15785.908203
4757.564601	0.095076	0.164189	15869.003906
4757.565521	0.095226	0.164189	15956.611328
4757.566588	0.095211	0.164189	16058.201172
4757.567476	0.095120	0.164189	16142.666992
4757.568335	0.095076	0.164189	16224.336914
4758.604222	1.306234	0.144144	552.537048
4758.605221	1.801208	0.144144	2351.944336
4758.606267	1.757413	0.144144	4190.198730
4758.607170	1.704327	0.144144	5729.206543
4758.608032	1.654043	0.144144	7154.991699
4758.609124	1.597881	0.144144	8899.877930
4758.610121	1.546216	0.144144	10441.455078
4758.611007	1.504131	0.144144	11774.115234
4758.612016	1.457040	0.144144	13244.268555
4758.613074	1.410740	0.144144	14736.831055
4758.613965	0.808715	0.144144	15457.395508
4758.614844	0.099760	0.144144	15545.083984
4758.615926	0.095266	0.144144	15648.162109
4758.616898	0.095186	0.144144	15740.682617
4758.617770	0.095259	0.144144	15823.748047
4758.618774	0.095361	0.144144	15919.491211
4758.619805	0.095339	0.144144	16017.786133
4758.620694	0.095328	0.144144	16102.533203
4758.621608	0.095336	0.144144	16189.669922
4758.622669	0.095358	0.144144	16290.844727
4758.623609	0.095178	0.144144	16380.312500
4759.627707	1.304136	0.161498	552.953552
4759.628755	1.802783	0.161498	2442.270508
4759.629795	1.754908	0.161498	4267.375000
4759.630672	1.703200	0.161498	5761.081055
4759.631628	1.649773	0.161498	7338.263672
4759.632675	1.593505	0.161498	9006.663086
4759.633614	1.546370	0.161498	10458.704102
4759.634481	1.503501	0.161498	11762.239258
4759.635530	1.455022	0.161498	13288.557617
4759.636545	1.410077	0.161498	14719.786133
4759.637444	0.810524	0.161498	15448.447266
4759.638404	0.099760	0.161498	15544.216797
4759.639456	0.095314	0.161498	15644.487305
4759.640375	0.095219	0.161498	15731.993164
4759.641235	0.095211	0.161498	15813.875000
4759.642318	0.095277	0.161498	15917.060547
4759.643291	0.095197	0.161498	16009.686523
4759.644177	0.095204	0.161498	16094.037109
4759.645159	0.095284	0.161498	16187.606445
4759.646200	0.095240	0.161498	16286.751953
4759.647095	0.095109	0.161498	16371.874023
4760.683011	1.388009	0.149494	670.408386
4760.683884	1.805295	0.149494	2246.431152
4760.684748	1.770179	0.149494	3775.866211
4760.685806	1.709579	0.149494	5584.600586
4760.686753	1.656020	0.149494	7152.852051
4760.687625	1.608571	0.149494	8555.525391
4760.688555	1.560608	0.149494	10006.890625
4760.689611	1.509547	0.149494	11600.972656
4760.690504	1.467242	0.149494	12911.220703
4760.691370	1.428190	0.149494	14148.033203
4760.692415	1.114069	0.149494	15312.234375
4760.693373	0.119370	0.149494	15426.590820
4760.694249	0.095156	0.149494	15509.947266
4760.695155	0.095255	0.149494	15596.248047
4760.696219	0.095167	0.149494	15697.505859
4760.697108	0.095233	0.149494	15782.167969
4760.697974	0.095112	0.149494	15864.535156
4760.698998	0.095310	0.149494	15962.132812
4760.699968	0.095175	0.149494	16054.452148
4760.700838	0.095284	0.149494	16137.349609
4760.701693	0.095259	0.149494	16218.795898
4761.708021	1.337051	0.159383	647.132568
4761.709088	1.801890	0.159383	2569.748535
4761.710032	1.755359	0.159383	4226.807129
4761.710898	1.704170	0.159383	5702.618164
4761.711953	1.645704	0.159383	7438.835937
4761.712963	1.592596	0.159383	9047.358398
4761.713846	1.547688	0.159383	10413.966797
4761.714822	1.501278	0.159383	11879.213867
4761.715866	1.451635	0.159383	13394.720703
4761.716796	1.410429	0.159383	14706.418945
4761.717666	0.838674	0.159383	15436.065430
4761.718755	0.096808	0.159383	15541.489258
4761.719744	0.095292	0.159383	15635.732422
4761.720619	0.095182	0.159383	15719.016602
4761.721584	0.095325	0.159383	15811.004883
4761.722634	0.095109	0.159383	15910.869141
4761.723526	0.095284	0.159383	15995.863281
4761.724397	0.095398	0.159383	16078.955078
4761.725472	0.095354	0.159383	16181.460937
4761.726454	0.095226	0.159383	16274.972656
4761.727348	0.095204	0.159383	16360.084961
4762.759641	1.349377	0.154690	609.918579
4762.760514	1.804753	0.154690	2185.468262
4762.761500	1.766133	0.154690	3926.875000
4762.762548	1.705159	0.154690	5713.881348
4762.763458	1.654109	0.154690	7219.120605
4762.764326	1.605546	0.154690	8612.734375
4762.765421	1.551178	0.154690	10311.274414
4762.766402	1.503823	0.154690	11786.525391
4762.767273	1.462819	0.154690	13060.640625
4762.768333	1.415460	0.154690	14561.028320
4762.769381	0.769200	0.154690	15367.150391
4762.770268	0.097679	0.154690	15453.791992
4762.771164	0.095288	0.154690	15539.169922
4762.772262	0.095328	0.154690	15643.840820
4762.773207	0.095251	0.154690	15733.853516
4762.774068	0.095281	0.154690	15815.890625
4762.775106	0.095310	0.154690	15914.822266
4762.776120	0.095076	0.154690	16011.228516
4762.776999	0.095112	0.154690	16094.832031
4762.777945	0.095138	0.154690	16184.832031
4762.778987	0.095270	0.154690	16284.103516
4763.790270	1.308025	0.158630	555.910583
4763.791135	1.803545	0.158630	2115.976807
4763.792177	1.764228	0.158630	3954.302734
4763.793116	1.709546	0.158630	5559.566406
4763.794001	1.659734	0.158630	7028.430664
4763.794943	1.609259	0.158630	8544.352539
4763.795994	1.555840	0.158630	10179.540039
4763.796884	1.511111	0.158630	11524.428711
4763.797763	1.469377	0.158630	12816.011719
4763.798705	1.428237	0.158630	14161.411133
4763.799697	1.214462	0.158630	15366.157227
4763.800571	0.156694	0.158630	15503.108398
4763.801446	0.095164	0.158630	15586.376953
4763.802550	0.095233	0.158630	15691.514648
4763.803418	0.095222	0.158630	15774.167969
4763.804287	0.095229	0.158630	15856.922852
4763.805316	0.095336	0.158630	15955.023437
4763.806293	0.095134	0.158630	16047.969727
4763.807173	0.095134	0.158630	16131.687500
4763.808030	0.095160	0.158630	16213.239258
4763.809123	0.095336	0.158630	16317.441406
4764.838918	1.376111	0.160282	685.303223
4764.839827	1.805629	0.160282	2326.619629
4764.840690	1.766708	0.160282	3851.288574
4764.841767	1.705627	0.160282	5688.249023
4764.842757	1.649828	0.160282	7321.578613
4764.843648	1.602612	0.160282	8749.505859
4764.844639	1.552566	0.160282	10288.098633
4764.845704	1.500333	0.160282	11885.953125
4764.846600	1.457871	0.160282	13192.205078
4764.847463	1.418258	0.160282	14416.162109
4764.848566	0.818368	0.160282	15318.822266
4764.849546	0.097269	0.160282	15414.146484
4764.850406	0.095208	0.160282	15496.025391
4764.851498	0.095339	0.160282	15600.135742
4764.852540	0.095237	0.160282	15699.372070
4764.853408	0.095193	0.160282	15781.999023
4764.854319	0.095281	0.160282	15868.799805
4764.855379	0.095336	0.160282	15969.855469
4764.856323	0.095208	0.160282	16059.731445
4764.857189	0.095248	0.160282	16142.215820
4764.858205	0.095288	0.160282	16239.028320
4765.867481	1.333107	0.159641	605.230408
4765.868569	1.801816	0.159641	2565.606689
4765.869521	1.755535	0.159641	4236.875977
4765.870388	1.704529	0.159641	5714.702148
4765.871425	1.646968	0.159641	7422.607422
4765.872465	1.591827	0.159641	9078.107422
4765.873350	1.546681	0.159641	10446.919922
4765.874288	1.501234	0.159641	11855.078125
4765.875350	1.451807	0.159641	13396.896484
4765.876300	1.409967	0.159641	14736.365234
4765.877168	0.828842	0.159641	15455.799805
4765.878235	0.096790	0.159641	15559.074219
4765.879252	0.095295	0.159641	15655.989258
4765.880119	0.095211	0.159641	15738.537109
4765.881082	0.095248	0.159641	15830.260742
4765.882134	0.095281	0.159641	15930.496094
4765.883052	0.095153	0.159641	16017.845703
4765.883919	0.095295	0.159641	16100.466797
4765.884991	0.095277	0.159641	16202.603516
4765.885978	0.095229	0.159641	16296.594727
4765.886870	0.095277	0.159641	16381.582031
4766.919142	1.359499	0.154714	632.167236
4766.920015	1.805010	0.154714	2207.940674
4766.920880	1.770645	0.154714	3739.548340
4766.921943	1.709927	0.154714	5557.200195
4766.922880	1.656775	0.154714	7109.598145
4766.923764	1.609710	0.154714	8532.581055
4766.924731	1.561036	0.154714	10042.103516
4766.925755	1.510107	0.154714	11588.453125
4766.926647	1.468176	0.154714	12898.066406
4766.927514	1.428574	0.154714	14136.640625
4766.928578	1.113834	0.154714	15321.759766
4766.929516	0.123058	0.154714	15437.188477
4766.930391	0.095251	0.154714	15520.533203
4766.931334	0.095175	0.154714	15610.283203
4766.932374	0.095237	0.154714	15709.329102
4766.933251	0.095200	0.154714	15792.819336
4766.934108	0.095211	0.154714	15874.415039
4766.935162	0.095229	0.154714	15974.787109
4766.936110	0.095197	0.154714	16065.033203
4766.936981	0.095229	0.154714	16147.978516
4766.937907	0.095303	0.154714	16236.228516
4767.947196	1.329013	0.156060	563.501282
4767.948311	1.801776	0.156060	2572.481689
4767.949287	1.754092	0.156060	4284.475098
4767.950157	1.703166	0.156060	5766.229980
4767.951207	1.644880	0.156060	7493.354492
4767.952242	1.590344	0.156060	9139.361328
4767.953128	1.545553	0.156060	10508.721680
4767.954058	1.499648	0.156060	11903.394531
4767.955129	1.450466	0.156060	13456.843750
4767.956063	1.408857	0.156060	14772.716797
4767.956932	0.807404	0.156060	15474.350586
4767.957995	0.096617	0.156060	15577.054687
4767.959006	0.095266	0.156060	15673.369141
4767.959873	0.095215	0.156060	15755.919922
4767.960838	0.095204	0.156060	15847.791992
4767.961883	0.095167	0.156060	15947.242187
4767.962806	0.095160	0.156060	16035.075195
4767.963666	0.095255	0.156060	16116.994141
4767.964729	0.095248	0.156060	16218.242187
4767.965735	0.095164	0.156060	16313.976562
4767.966619	0.095208	0.156060	16398.140625
4768.997405	1.365278	0.150396	709.944763
4768.998479	1.800798	0.150396	2644.002197
4768.999403	1.753491	0.150396	4264.228027
4769.000268	1.702482	0.150396	5736.875000
4769.001341	1.643760	0.150396	7500.628906
4769.002335	1.590762	0.150396	9081.845703
4769.003227	1.545721	0.150396	10460.628906
4769.004218	1.498118	0.150396	11945.263672
4769.005260	1.450276	0.150396	13456.451172
4769.006166	1.409718	0.150396	14733.656250
4769.007032	0.799922	0.150396	15426.388672
4769.008128	0.096324	0.150396	15531.959961
4769.009095	0.095211	0.150396	15624.029297
4769.009962	0.095178	0.150396	15706.548828
4769.010954	0.095387	0.150396	15801.172852
4769.012034	0.095229	0.150396	15904.020508
4769.012903	0.095164	0.150396	15986.717773
4769.013764	0.095270	0.150396	16068.745117
4769.014857	0.095299	0.150396	16172.907227
4769.015825	0.095292	0.150396	16265.149414
4769.016692	0.095211	0.150396	16347.697266
4770.026942	1.315547	0.148124	563.054077
4770.027803	1.802168	0.148124	2114.720703
4770.028884	1.762690	0.148124	4020.188965
4770.029769	1.710784	0.148124	5534.232422
4770.030637	1.661334	0.148124	6976.270508
4770.031621	1.609376	0.148124	8559.896484
4770.032553	1.560648	0.148124	10014.420898
4770.033470	1.515542	0.148124	11404.172852
4770.034354	1.473333	0.148124	12706.598633
4770.035392	1.427205	0.148124	14188.037109
4770.036292	1.282335	0.148124	15342.138672
4770.037171	0.187782	0.148124	15507.199219
4770.038125	0.095244	0.148124	15598.062500
4770.039101	0.095310	0.148124	15691.084961
4770.040021	0.095237	0.148124	15778.703125
4770.040881	0.095204	0.148124	15860.578125
4770.041928	0.095328	0.148124	15960.386719
4770.042796	0.095277	0.148124	16043.086914
4770.043669	0.095270	0.148124	16126.257812
4770.044538	0.095255	0.148124	16209.034180
4770.045583	0.095219	0.148124	16308.537109
4771.078172	1.400636	0.140454	711.523071
4771.079112	1.804721	0.140454	2407.960449
4771.079976	1.764580	0.140454	3932.557617
4771.081041	1.703547	0.140454	5746.835449
4771.082050	1.646862	0.140454	7408.518555
4771.082932	1.599866	0.140454	8819.599609
4771.083923	1.550947	0.140454	10356.587891
4771.084969	1.498938	0.140454	11924.476562
4771.085887	1.456311	0.140454	13261.370117
4771.086749	1.416639	0.140454	14482.513672
4771.087826	0.799750	0.140454	15343.843750
4771.088826	0.096639	0.140454	15440.483398
4771.089700	0.095244	0.140454	15523.726562
4771.090672	0.095332	0.140454	15616.389648
4771.091712	0.095200	0.140454	15715.397461
4771.092616	0.095255	0.140454	15801.507812
4771.093477	0.095292	0.140454	15883.553711
4771.094563	0.095233	0.140454	15986.976562
4771.095534	0.095134	0.140454	16079.351562
4771.096409	0.095193	0.140454	16162.645508
4771.097395	0.095358	0.140454	16256.667969
4772.106174	1.314470	0.142311	562.593262
4772.107037	1.803113	0.142311	2118.679687
4772.108136	1.761262	0.142311	4054.306641
4772.109074	1.706217	0.142311	5654.738281
4772.109953	1.657273	0.142311	7111.481445
4772.110925	1.605809	0.142311	8672.328125
4772.111944	1.553397	0.142311	10255.240234
4772.112823	1.510118	0.142311	11582.634766
4772.113689	1.468447	0.142311	12854.310547
4772.114752	1.421847	0.142311	14365.733398
4772.115679	1.112428	0.142311	15396.954102
4772.116550	0.128760	0.142311	15509.103516
4772.117502	0.095222	0.142311	15599.754883
4772.118526	0.095299	0.142311	15697.340820
4772.119416	0.095325	0.142311	15782.179687
4772.120280	0.095295	0.142311	15864.514648
4772.121320	0.095343	0.142311	15963.671875
4772.122269	0.095310	0.142311	16054.121094
4772.123149	0.095233	0.142311	16137.925781
4772.124067	0.095299	0.142311	16225.410156
4772.125123	0.095325	0.142311	16326.073242
4773.158863	1.327621	0.134641	584.153198
4773.159732	1.803853	0.134641	2151.701172
4773.160806	1.761676	0.134641	4043.741211
4773.161832	1.702035	0.134641	5790.029297
4773.162718	1.652007	0.134641	7253.707031
4773.163700	1.600646	0.134641	8825.541016
4773.164750	1.547065	0.134641	10449.959961
4773.165661	1.502256	0.134641	11818.514648
4773.166525	1.460449	0.134641	13080.342773
4773.167605	1.413812	0.134641	14607.259766
4773.168610	0.781274	0.134641	15392.440430
4773.169478	0.098525	0.134641	15477.960937
4773.170451	0.095211	0.134641	15570.601562
4773.171503	0.095219	0.134641	15670.771484
4773.172412	0.095251	0.134641	15757.355469
4773.173276	0.095204	0.134641	15839.611328
4773.174359	0.095266	0.134641	15942.784180
4773.175331	0.095182	0.134641	16035.300781
4773.176213	0.095200	0.134641	16119.267578
4773.177206	0.095284	0.134641	16213.884766
4773.178254	0.095270	0.134641	16313.727539
4774.184482	1.401947	0.140104	719.198853
4774.185439	1.804413	0.140104	2446.021973
4774.186320	1.762859	0.140104	3999.100586
4774.187375	1.702068	0.140104	5794.782227
4774.188400	1.644774	0.140104	7480.675781
4774.189277	1.598068	0.140104	8882.181641
4774.190239	1.549376	0.140104	10372.681641
4774.191314	1.496931	0.140104	11981.882812
4774.192225	1.454451	0.140104	13306.887695
4774.193099	1.414296	0.140104	14542.982422
4774.194167	0.740797	0.140104	15334.154297
4774.195149	0.096053	0.140104	15428.478516
4774.196043	0.095127	0.140104	15513.522461
4774.197034	0.095365	0.140104	15608.029297
4774.198081	0.095288	0.140104	15707.795898
4774.198993	0.095123	0.140104	15794.548828
4774.199854	0.095240	0.140104	15876.550781
4774.200953	0.095255	0.140104	15981.236328
4774.201927	0.095237	0.140104	16073.997070
4774.202796	0.095226	0.140104	16156.748047
4774.203877	0.095424	0.140104	16259.901367
4775.239098	1.303396	0.126686	547.426331
4775.240045	1.801516	0.126686	2253.462158
4775.241103	1.758929	0.126686	4114.409180
4775.242040	1.704412	0.126686	5711.442871
4775.242911	1.654578	0.126686	7152.580078
4775.243969	1.599020	0.126686	8844.342773
4775.244983	1.547223	0.126686	10413.226562
4775.245878	1.503937	0.126686	11759.250000
4775.246850	1.458933	0.126686	13177.333008
4775.247909	1.411758	0.126686	14672.384766
4775.248839	0.810205	0.126686	15425.875000
4775.249698	0.099796	0.126686	15511.599609
4775.250785	0.095332	0.126686	15615.225586
4775.251768	0.095171	0.126686	15708.778320
4775.252658	0.095186	0.126686	15793.493164
4775.253649	0.095295	0.126686	15887.930664
4775.254693	0.095310	0.126686	15987.434570
4775.255580	0.095233	0.126686	16071.906250
4775.256437	0.095273	0.126686	16153.555664
4775.257528	0.095317	0.126686	16257.546875
4775.258490	0.095251	0.126686	16349.178711
4776.263722	1.421572	0.131125	740.639160
4776.264759	1.802175	0.131125	2609.494873
4776.265651	1.757201	0.131125	4176.917969
4776.266585	1.702932	0.131125	5767.456543
4776.267668	1.642760	0.131125	7546.565430
4776.268612	1.592435	0.131125	9049.824219
4776.269479	1.547556	0.131125	10391.555664
4776.270548	1.496536	0.131125	11991.352539
4776.271554	1.449767	0.131125	13449.818359
4776.272449	1.410406	0.131125	14712.131836
4776.273434	0.710182	0.131125	15411.661133
4776.274480	0.095881	0.131125	15511.953125
4776.275386	0.095127	0.131125	15598.137695
4776.276243	0.095248	0.131125	15679.764648
4776.277318	0.095251	0.131125	15782.160156
4776.278314	0.095240	0.131125	15877.019531
4776.279187	0.095233	0.131125	15960.158203
4776.280167	0.095321	0.131125	16053.573242
4776.281226	0.095273	0.131125	16154.467773
4776.282107	0.095229	0.131125	16238.365234
4776.282971	0.095317	0.131125	16320.719727
4777.319373	1.325032	0.118576	576.388794
4777.320236	1.803816	0.118576	2133.082031
4777.321293	1.764075	0.118576	3997.708984
4777.322175	1.711615	0.118576	5507.353516
4777.323049	1.662176	0.118576	6960.095703
4777.323984	1.611178	0.118576	8466.546875
4777.324974	1.560344	0.118576	10011.287109
4777.325896	1.515450	0.118576	11408.532227
4777.326775	1.472952	0.118576	12703.256836
4777.327801	1.428087	0.118576	14168.474609
4777.328719	1.243019	0.118576	15309.565430
4777.329648	0.159635	0.118576	15457.866211
4777.330512	0.095065	0.118576	15540.001953
4777.331555	0.095094	0.118576	15639.184570
4777.332446	0.095145	0.118576	15723.958984
4777.333318	0.095299	0.118576	15807.059570
4777.334321	0.095288	0.118576	15902.633789
4777.335238	0.095094	0.118576	15989.834961
4777.336152	0.095229	0.118576	16076.875000
4777.337009	0.095380	0.118576	16158.615234
4777.338022	0.095233	0.118576	16255.085937
4778.341839	1.329089	0.132232	586.128357
4778.342700	1.803087	0.132232	2138.586426
4778.343797	1.760903	0.132232	4070.297363
4778.344788	1.702786	0.132232	5757.757812
4778.345668	1.653153	0.132232	7212.532227
4778.346665	1.600367	0.132232	8808.098633
4778.347732	1.547003	0.132232	10458.750977
4778.348625	1.502648	0.132232	11800.615234
4778.349496	1.459449	0.132232	13071.795898
4778.350611	1.411956	0.132232	14646.125977
4778.351585	0.775778	0.132232	15401.733398
4778.352454	0.098580	0.132232	15487.399414
4778.353469	0.095284	0.132232	15584.113281
4778.354505	0.095251	0.132232	15682.793945
4778.355394	0.095197	0.132232	15767.423828
4778.356314	0.095391	0.132232	15855.183594
4778.357384	0.095281	0.132232	15957.133789
4778.358330	0.095164	0.132232	16047.158203
4778.359191	0.095204	0.132232	16129.128906
4778.360239	0.095332	0.132232	16229.037109
4778.361244	0.095292	0.132232	16324.805664
4779.400222	1.376272	0.117090	719.790222
4779.401235	1.803351	0.117090	2546.584473
4779.402129	1.758746	0.117090	4118.903809
4779.402994	1.707019	0.117090	5595.475586
4779.404078	1.648070	0.117090	7381.983398
4779.404997	1.598569	0.117090	8851.068359
4779.405872	1.553793	0.117090	10210.636719
4779.406862	1.506925	0.117090	11702.492187
4779.407877	1.458530	0.117090	13182.900391
4779.408763	1.419210	0.117090	14440.320312
4779.409623	1.092455	0.117090	15379.831055
4779.410688	0.107183	0.117090	15493.980469
4779.411622	0.095116	0.117090	15582.818359
4779.412497	0.095284	0.117090	15666.192383
4779.413447	0.095405	0.117090	15756.827148
4779.414476	0.095240	0.117090	15854.830078
4779.415358	0.095281	0.117090	15938.868164
4779.416219	0.095229	0.117090	16020.860352
4779.417269	0.095383	0.117090	16121.012695
4779.418209	0.095204	0.117090	16210.503906
4779.419085	0.095372	0.117090	16294.049805
4780.420110	1.387683	0.130025	692.453857
4780.421118	1.803230	0.130025	2510.109619
4780.422011	1.759794	0.130025	4081.605469
4780.422984	1.704053	0.130025	5739.648437
4780.424041	1.644811	0.130025	7478.213379
4780.424964	1.595328	0.130025	8950.701172
4780.425828	1.550241	0.130025	10290.109375
4780.426915	1.498403	0.130025	11918.874023
4780.427912	1.452103	0.130025	13366.621094
4780.428805	1.412911	0.130025	14628.350586
4780.429815	0.742229	0.130025	15378.001953
4780.430846	0.096178	0.130025	15477.161133
4780.431737	0.095083	0.130025	15561.879883
4780.432592	0.095164	0.130025	15643.245117
4780.433665	0.095295	0.130025	15745.497070
4780.434632	0.095215	0.130025	15837.570312
4780.435500	0.095273	0.130025	15920.267578
4780.436504	0.095262	0.130025	16015.911133
4780.437559	0.095226	0.130025	16116.374023
4780.438427	0.095204	0.130025	16199.010742
4780.439303	0.095270	0.130025	16282.466797
4781.478858	1.313119	0.118758	558.075562
4781.479903	1.802831	0.118758	2442.033691
4781.480924	1.755480	0.118758	4234.378418
4781.481819	1.702980	0.118758	5758.545410
4781.482772	1.650432	0.118758	7331.407227
4781.483816	1.594391	0.118758	8995.951172
4781.484743	1.547047	0.118758	10430.063477
4781.485612	1.504413	0.118758	11737.398437
4781.486670	1.455641	0.118758	13277.466797
4781.487682	1.411146	0.118758	14705.546875
4781.488564	0.854381	0.118758	15459.111328
4781.489541	0.101433	0.118758	15558.211914
4781.490591	0.095240	0.118758	15658.214844
4781.491499	0.095131	0.118758	15744.593750
4781.492357	0.095266	0.118758	15826.332031
4781.493413	0.095350	0.118758	15927.022461
4781.494409	0.095244	0.118758	16021.885742
4781.495298	0.095237	0.118758	16106.550781
4781.496270	0.095226	0.118758	16199.110352
4781.497317	0.095314	0.118758	16298.904297
4781.498227	0.095189	0.118758	16385.527344
4782.498745	1.302166	0.126303	549.513855
4782.499801	1.802523	0.126303	2452.978271
4782.500832	1.754367	0.126303	4261.729980
4782.501730	1.701643	0.126303	5789.805664
4782.502684	1.649154	0.126303	7363.098633
4782.503726	1.593585	0.126303	9023.614258
4782.504668	1.545293	0.126303	10479.280273
4782.505535	1.503120	0.126303	11782.485352
4782.506612	1.453392	0.126303	13347.789062
4782.507617	1.408491	0.126303	14763.322266
4782.508512	0.768076	0.126303	15450.750000
4782.509508	0.098588	0.126303	15548.943359
4782.510555	0.095277	0.126303	15648.698242
4782.511459	0.095160	0.126303	15734.722656
4782.512313	0.095186	0.126303	15816.010742
4782.513395	0.095398	0.126303	15919.231445
4782.514382	0.095197	0.126303	16013.190430
4782.515248	0.095134	0.126303	16095.577148
4782.516225	0.095339	0.126303	16188.723633
4782.517277	0.095259	0.126303	16288.935547
4782.518181	0.095193	0.126303	16374.990234
4783.558591	1.310889	0.124832	557.127686
4783.559622	1.802523	0.124832	2415.529053
4783.560658	1.755923	0.124832	4234.665039
4783.561548	1.703434	0.124832	5750.721191
4783.562470	1.651707	0.124832	7273.594727
4783.563532	1.595237	0.124832	8967.736328
4783.564482	1.547882	0.124832	10438.224609
4783.565349	1.504537	0.124832	11742.658203
4783.566406	1.455754	0.124832	13281.390625
4783.567430	1.410465	0.124832	14725.707031
4783.568312	0.827366	0.124832	15455.443359
4783.569277	0.100411	0.124832	15552.339844
4783.570322	0.095156	0.124832	15651.778320
4783.571243	0.095325	0.124832	15739.572266
4783.572105	0.095317	0.124832	15821.736328
4783.573147	0.095336	0.124832	15921.076172
4783.574156	0.095200	0.124832	16017.132812
4783.575049	0.095219	0.124832	16102.163086
4783.576011	0.095317	0.124832	16193.858398
4783.577069	0.095336	0.124832	16294.723633
4783.577988	0.095343	0.124832	16382.343750
4784.575958	1.351351	0.138468	598.648621
4784.576825	1.803051	0.138468	2161.893311
4784.577796	1.766027	0.138468	3876.705078
4784.578721	1.712915	0.138468	5461.151367
4784.579606	1.662400	0.138468	6932.375000
4784.580637	1.607985	0.138468	8590.207031
4784.581540	1.560835	0.138468	9999.640625
4784.582423	1.516688	0.138468	11338.875977
4784.583384	1.472263	0.138468	12753.720703
4784.584359	1.428585	0.138468	14146.590820
4784.585281	1.291285	0.138468	15337.156250
4784.586157	0.197018	0.138468	15509.744141
4784.587200	0.095131	0.138468	15608.965820
4784.588077	0.095153	0.138468	15692.415039
4784.588941	0.095131	0.138468	15774.607422
4784.589845	0.095248	0.138468	15860.711914
4784.590866	0.095251	0.138468	15957.963867
4784.591755	0.095090	0.138468	16042.499023
4784.592625	0.095142	0.138468	16125.272461
4784.593615	0.095325	0.138468	16219.643555
4784.594548	0.095164	0.138468	16308.431641
4785.638894	1.331060	0.126097	634.915405
4785.639969	1.801190	0.126097	2571.194824
4785.640920	1.754253	0.126097	4239.489258
4785.641789	1.703419	0.126097	5719.760742
4785.642812	1.646320	0.126097	7403.945312
4785.643846	1.591637	0.126097	9049.698242
4785.644739	1.546494	0.126097	10430.717773
4785.645686	1.500688	0.126097	11851.870117
4785.646760	1.450697	0.126097	13409.918945
4785.647692	1.409670	0.126097	14723.731445
4785.648566	0.815936	0.126097	15436.859375
4785.649623	0.096669	0.126097	15539.038086
4785.650622	0.095186	0.126097	15634.128906
4785.651506	0.095149	0.126097	15718.240234
4785.652475	0.095292	0.126097	15810.578125
4785.653519	0.095215	0.126097	15909.982422
4785.654422	0.095167	0.126097	15995.917969
4785.655280	0.095222	0.126097	16077.618164
4785.656361	0.095398	0.126097	16180.743164
4785.657363	0.095189	0.126097	16276.123047
4785.658238	0.095178	0.126097	16359.404297
4786.655161	1.311240	0.137868	550.720886
4786.656236	1.802117	0.137868	2487.996338
4786.657235	1.754637	0.137868	4240.878906
4786.658126	1.703181	0.137868	5758.413086
4786.659118	1.648315	0.137868	7393.541992
4786.660163	1.592769	0.137868	9057.985352
4786.661067	1.546871	0.137868	10456.357422
4786.661931	1.502424	0.137868	11754.452148
4786.663015	1.453883	0.137868	13330.460937
4786.664001	1.410223	0.137868	14720.941406
4786.664890	0.829369	0.137868	15458.250000
4786.665883	0.099727	0.137868	15557.278320
4786.666921	0.095200	0.137868	15656.095703
4786.667786	0.095153	0.137868	15738.402344
4786.668654	0.095281	0.137868	15821.106445
4786.669748	0.095336	0.137868	15925.403320
4786.670713	0.095186	0.137868	16017.257812
4786.671578	0.095116	0.137868	16099.533203
4786.672621	0.095270	0.137868	16198.899414
4786.673666	0.095193	0.137868	16298.375977
4786.674551	0.095277	0.137868	16382.696289
4787.718601	1.331711	0.127926	580.626160
4787.719466	1.802322	0.127926	2139.634521
4787.720516	1.762892	0.127926	3990.670898
4787.721413	1.710439	0.127926	5524.935059
4787.722295	1.660909	0.127926	6989.857422
4787.723292	1.608666	0.127926	8593.697266
4787.724230	1.558883	0.127926	10055.929687
4787.725152	1.514806	0.127926	11452.581055
4787.726020	1.471560	0.127926	12729.895508
4787.727072	1.425926	0.127926	14229.969727
4787.727963	1.260198	0.127926	15352.805664
4787.728837	0.179473	0.127926	15509.665039
4787.729796	0.095215	0.127926	15600.976562
4787.730739	0.095127	0.127926	15690.681641
4787.731649	0.095284	0.127926	15777.390625
4787.732525	0.095365	0.127926	15860.930664
4787.733554	0.095197	0.127926	15958.887695
4787.734449	0.095145	0.127926	16044.042969
4787.735326	0.095226	0.127926	16127.555664
4787.736221	0.095332	0.127926	16212.877930
4787.737244	0.095186	0.127926	16310.252930
4788.734396	1.303041	0.138110	547.277100
4788.735340	1.801333	0.138110	2247.735352
4788.736398	1.758820	0.138110	4108.566406
4788.737333	1.704573	0.138110	5702.341797
4788.738208	1.654537	0.138110	7150.062012
4788.739257	1.599254	0.138110	8827.679687
4788.740272	1.547662	0.138110	10398.556641
4788.741167	1.504351	0.138110	11744.950195
4788.742133	1.459655	0.138110	13154.976562
4788.743181	1.412618	0.138110	14635.400391
4788.744114	0.842208	0.138110	15421.180664
4788.744974	0.100946	0.138110	15507.994141
4788.746051	0.095361	0.138110	15610.698242
4788.747048	0.095156	0.138110	15705.569336
4788.747933	0.095197	0.138110	15789.818359
4788.748929	0.095361	0.138110	15884.797852
4788.749969	0.095332	0.138110	15983.943359
4788.750861	0.095273	0.138110	16068.927734
4788.751717	0.095347	0.138110	16150.544922
4788.752808	0.095398	0.138110	16254.624023
4788.753796	0.095259	0.138110	16348.739258
4789.797832	1.314499	0.129215	567.863770
4789.798827	1.801340	0.129215	2360.197266
4789.799877	1.756714	0.129215	4204.747070
4789.800776	1.703928	0.129215	5736.578613
4789.801644	1.652919	0.129215	7171.312012
4789.802748	1.596357	0.129215	8933.690430
4789.803723	1.546165	0.129215	10441.201172
4789.804586	1.504028	0.129215	11739.177734
4789.805648	1.454718	0.129215	13284.087891
4789.806704	1.409330	0.129215	14772.339844
4789.807586	0.770237	0.129215	15451.688477
4789.808514	0.098804	0.129215	15543.377930
4789.809573	0.095306	0.129215	15644.307617
4789.810520	0.095153	0.129215	15734.416992
4789.811388	0.095226	0.129215	15817.073242
4789.812420	0.095405	0.129215	15915.531250
4789.813441	0.095317	0.129215	16012.850586
4789.814334	0.095332	0.129215	16097.982422
4789.815271	0.095255	0.129215	16187.236328
4789.816323	0.095284	0.129215	16287.475586
4789.817255	0.095211	0.129215	16376.212891
4790.813651	1.322124	0.139939	584.378784
4790.814519	1.804252	0.139939	2150.469238
4790.815549	1.763866	0.139939	3967.251221
4790.816588	1.704082	0.139939	5737.792480
4790.817469	1.653604	0.139939	7194.617187
4790.818389	1.603967	0.139939	8670.267578
4790.819459	1.550248	0.139939	10329.033203
4790.820386	1.504277	0.139939	11723.498047
4790.821260	1.463060	0.139939	13002.212891
4790.822282	1.417738	0.139939	14451.140625
4790.823317	0.869132	0.139939	15350.692383
4790.824208	0.100682	0.139939	15440.400391
4790.825151	0.095273	0.139939	15530.243164
4790.826205	0.095332	0.139939	15630.722656
4790.827130	0.095226	0.139939	15718.806641
4790.827993	0.095251	0.139939	15801.008789
4790.829042	0.095376	0.139939	15901.058594
4790.830058	0.095262	0.139939	15997.845703
4790.830944	0.095226	0.139939	16082.215820
4790.831890	0.095358	0.139939	16172.423828
4790.832942	0.095222	0.139939	16272.597656
