time (s)	coil I (A)	last det (V)	int current (uC)
2836.808221	1.399314	0.014420	709.452148
2836.809166	1.807983	0.014420	2417.996582
2836.810035	1.767565	0.014420	3954.010254
2836.811090	1.706682	0.014420	5754.559570
2836.812101	1.650069	0.014420	7422.779785
2836.812980	1.602030	0.014420	8830.963867
2836.813942	1.553763	0.014420	10325.684570
2836.814994	1.501981	0.014420	11905.768555
2836.815934	0.757046	0.014420	12617.391602
2836.816796	0.098016	0.014420	12701.881836
2836.817855	0.095325	0.014420	12802.831055
2836.818851	0.095240	0.014420	12897.690430
2836.819745	0.095292	0.014420	12982.880859
2836.820723	0.095394	0.014420	13076.176758
2836.821774	0.095310	0.014420	13176.347656
2836.822697	0.095273	0.014420	13264.285156
2836.823559	0.095171	0.014420	13346.322266
2836.824658	0.095372	0.014420	13451.136719
2836.825651	0.095299	0.014420	13545.768555
2837.826491	1.307926	0.017667	553.252747
2837.827387	1.804962	0.017667	2170.498779
2837.828500	1.762742	0.017667	4132.430176
2837.829403	1.709619	0.017667	5676.216309
2837.830274	1.659785	0.017667	7121.889160
2837.831315	1.604418	0.017667	8792.087891
2837.832291	1.554613	0.017667	10309.390625
2837.833182	1.510496	0.017667	11655.242187
2837.834044	1.028287	0.017667	12541.625977
2837.835179	0.100485	0.017667	12655.675781
2837.836059	0.095262	0.017667	12739.506836
2837.836923	0.095325	0.017667	12821.867187
2837.837956	0.095354	0.017667	12920.368164
2837.838914	0.095244	0.017667	13011.612305
2837.839825	0.095339	0.017667	13098.466797
2837.840701	0.095376	0.017667	13182.016602
2837.841784	0.095314	0.017667	13285.241211
2837.842690	0.095259	0.017667	13371.545898
2837.843551	0.095361	0.017667	13453.652344
2838.885578	1.315496	0.014436	573.556091
2838.886443	1.807690	0.014436	2137.208252
2838.887475	1.767469	0.014436	3961.236816
2838.888512	1.707220	0.014436	5731.624512
2838.889411	1.656288	0.014436	7220.626953
2838.890360	1.605937	0.014436	8744.662109
2838.891413	1.551669	0.014436	10378.569336
2838.892357	1.505830	0.014436	11800.073242
2838.893227	0.967771	0.014436	12642.034180
2838.894295	0.098591	0.014436	12747.330078
2838.895317	0.095361	0.014436	12844.789062
2838.896195	0.095303	0.014436	12928.464844
2838.897174	0.095398	0.014436	13021.859375
2838.898220	0.095255	0.014436	13121.496094
2838.899130	0.095248	0.014436	13208.171875
2838.899986	0.095306	0.014436	13289.753906
2838.901076	0.095380	0.014436	13393.717773
2838.902075	0.095237	0.014436	13488.859375
2838.902945	0.095248	0.014436	13571.724609
2839.906231	1.303458	0.018706	548.755920
2839.907241	1.804863	0.018706	2371.667969
2839.908297	1.759076	0.018706	4229.251953
2839.909203	1.705287	0.018706	5774.241699
2839.910093	1.654028	0.018706	7246.327148
2839.911165	1.598375	0.018706	8959.785156
2839.912120	1.550566	0.018706	10440.576172
2839.912984	1.507236	0.018706	11742.828125
2839.914027	0.807590	0.018706	12585.144531
2839.915053	0.096317	0.018706	12683.965820
2839.915939	0.095116	0.018706	12768.238281
2839.916878	0.095317	0.018706	12857.741211
2839.917921	0.095306	0.018706	12957.145508
2839.918871	0.095164	0.018706	13047.550781
2839.919730	0.095186	0.018706	13129.315430
2839.920739	0.095310	0.018706	13225.483398
2839.921766	0.095248	0.018706	13323.302734
2839.922655	0.095160	0.018706	13407.899414
2839.923604	0.095262	0.018706	13498.303711
2840.962010	1.332631	0.016523	591.687927
2840.962886	1.807507	0.016523	2175.064209
2840.963747	1.775413	0.016523	3703.694336
2840.964762	1.716625	0.016523	5446.068359
2840.965674	1.664004	0.016523	6963.639648
2840.966558	1.616488	0.016523	8392.615234
2840.967561	1.565178	0.016523	9962.489258
2840.968567	1.515198	0.016523	11486.778320
2840.969470	1.220263	0.016523	12588.675781
2840.970338	0.140687	0.016523	12710.791992
2840.971439	0.095138	0.016523	12815.539062
2840.972341	0.095208	0.016523	12901.416016
2840.973222	0.095222	0.016523	12985.306641
2840.974234	0.095116	0.016523	13081.564453
2840.975219	0.095237	0.016523	13175.373047
2840.976099	0.095219	0.016523	13259.165039
2840.976955	0.095215	0.016523	13340.668945
2840.978043	0.095277	0.016523	13444.330078
2840.978934	0.095189	0.016523	13529.143555
2841.986229	1.305791	0.018980	545.820618
2841.987291	1.805651	0.018980	2463.421631
2841.988303	1.757714	0.018980	4242.228027
2841.989198	1.705532	0.018980	5768.679199
2841.990165	1.652139	0.018980	7366.297363
2841.991230	1.594904	0.018980	9064.869141
2841.992157	1.547977	0.018980	10499.843750
2841.993024	1.503864	0.018980	11803.693359
2841.994127	0.645066	0.018980	12515.201172
2841.995107	0.095354	0.018980	12608.648437
2841.995995	0.095156	0.018980	12693.147461
2841.996990	0.095453	0.018980	12788.123047
2841.998023	0.095281	0.018980	12886.547852
2841.998916	0.095259	0.018980	12971.614258
2841.999771	0.095306	0.018980	13053.101562
2842.000869	0.095372	0.018980	13157.820312
2842.001838	0.095229	0.018980	13250.097656
2842.002695	0.095303	0.018980	13331.772461
2842.003776	0.095398	0.018980	13434.897461
2843.040035	1.378821	0.019089	729.396179
2843.041092	1.804076	0.019089	2636.304443
2843.042016	1.756923	0.019089	4259.701172
2843.042881	1.705177	0.019089	5734.679199
2843.043973	1.645800	0.019089	7531.892090
2843.044970	1.592487	0.019089	9119.601562
2843.045853	1.547809	0.019089	10486.316406
2843.046863	1.499509	0.019089	12000.820312
2843.047912	0.538268	0.019089	12565.462891
2843.048804	0.095383	0.019089	12650.544922
2843.049660	0.095295	0.019089	12732.118164
2843.050762	0.095376	0.019089	12837.222656
2843.051744	0.095292	0.019089	12930.798828
2843.052606	0.095270	0.019089	13012.920898
2843.053693	0.095435	0.019089	13116.658203
2843.054728	0.095284	0.019089	13215.277344
2843.055622	0.095288	0.019089	13300.464844
2843.056547	0.095325	0.019089	13388.640625
2843.057608	0.095391	0.019089	13489.849609
2844.062900	1.317286	0.019927	553.260254
2844.064021	1.804552	0.019927	2576.163086
2844.064994	1.756670	0.019927	4285.402832
2844.065873	1.705312	0.019927	5784.372559
2844.066940	1.645975	0.019927	7540.628418
2844.067984	1.590835	0.019927	9201.459961
2844.068886	1.544685	0.019927	10594.765625
2844.069834	1.499216	0.019927	12016.022461
2844.070890	0.522935	0.019927	12568.241211
2844.071821	0.095204	0.019927	12656.875977
2844.072678	0.095237	0.019927	12738.494141
2844.073741	0.095347	0.019927	12839.847656
2844.074752	0.095255	0.019927	12936.150391
2844.075627	0.095251	0.019927	13019.495117
2844.076575	0.095314	0.019927	13109.852539
2844.077634	0.095376	0.019927	13210.855469
2844.078556	0.095303	0.019927	13298.724609
2844.079410	0.095288	0.019927	13380.100586
2844.080466	0.095358	0.019927	13480.797852
2845.121742	1.327661	0.014086	586.826233
2845.122610	1.806907	0.014086	2155.221191
2845.123672	1.765053	0.014086	4029.707031
2845.124694	1.705635	0.014086	5772.865723
2845.125576	1.655354	0.014086	7232.887695
2845.126569	1.603517	0.014086	8825.179687
2845.127626	1.549702	0.014086	10463.214844
2845.128530	1.503951	0.014086	11822.787109
2845.129407	0.907141	0.014086	12618.349609
2845.130494	0.097079	0.014086	12723.874023
2845.131485	0.095200	0.014086	12818.217773
2845.132383	0.095244	0.014086	12903.747070
2845.133377	0.095314	0.014086	12998.489258
2845.134438	0.095314	0.014086	13099.617187
2845.135329	0.095303	0.014086	13184.532227
2845.136191	0.095332	0.014086	13266.708008
2845.137295	0.095358	0.014086	13371.982422
2845.138255	0.095178	0.014086	13463.353516
2845.139123	0.095222	0.014086	13546.006836
2846.139335	1.322117	0.017848	572.476562
2846.140196	1.805251	0.017848	2126.797852
2846.141276	1.765320	0.017848	4033.343262
2846.142148	1.713025	0.017848	5527.101074
2846.143028	1.663414	0.017848	6990.905762
2846.144013	1.611119	0.017848	8577.858398
2846.144951	1.562032	0.017848	10043.044922
2846.145879	1.517190	0.017848	11450.997070
2846.146753	1.257978	0.017848	12550.470703
2846.147812	0.116375	0.017848	12673.710937
2846.148698	0.095068	0.017848	12757.941406
2846.149577	0.095197	0.017848	12841.619141
2846.150503	0.095281	0.017848	12929.849609
2846.151492	0.095189	0.017848	13023.992187
2846.152409	0.095178	0.017848	13111.270508
2846.153266	0.095215	0.017848	13192.869141
2846.154330	0.095284	0.017848	13294.251953
2846.155213	0.095211	0.017848	13378.323242
2846.156131	0.095343	0.017848	13465.847656
2847.203133	1.438275	0.018577	798.242676
2847.204192	1.802996	0.018577	2707.615234
2847.205093	1.756234	0.018577	4289.982422
2847.205958	1.702928	0.018577	5763.015625
2847.207080	1.642449	0.018577	7605.842773
2847.208056	1.591728	0.018577	9159.370117
2847.208926	1.547505	0.018577	10505.699219
2847.209958	1.497023	0.018577	12050.626953
2847.211004	0.478151	0.018577	12550.772461
2847.211897	0.095219	0.018577	12635.802734
2847.212820	0.095321	0.018577	12723.784180
2847.213889	0.095350	0.018577	12825.713867
2847.214835	0.095222	0.018577	12915.793945
2847.215695	0.095321	0.018577	12997.770508
2847.216754	0.095380	0.018577	13098.777344
2847.217756	0.095211	0.018577	13194.178711
2847.218646	0.095270	0.018577	13278.968750
2847.219616	0.095380	0.018577	13371.487305
2847.220656	0.095321	0.018577	13470.621094
2848.214315	1.443054	0.021570	753.274292
2848.215199	1.807698	0.021570	2351.279297
2848.216071	1.769410	0.021570	3894.205078
2848.217054	1.713571	0.021570	5578.645020
2848.217998	1.658569	0.021570	7144.334473
2848.218885	1.610658	0.021570	8572.988281
2848.219834	1.562454	0.021570	10055.756836
2848.220882	1.510994	0.021570	11639.278320
2848.221779	1.106697	0.021570	12631.985352
2848.222650	0.118422	0.021570	12735.130859
2848.223688	0.095317	0.021570	12834.070312
2848.224647	0.095171	0.021570	12925.338867
2848.225530	0.095222	0.021570	13009.419922
2848.226429	0.095369	0.021570	13095.156250
2848.227505	0.095226	0.021570	13197.619141
2848.228388	0.095251	0.021570	13281.726562
2848.229245	0.095277	0.021570	13363.378906
2848.230273	0.095504	0.021570	13461.557617
2848.231233	0.095215	0.021570	13552.963867
2849.282529	1.332015	0.018928	620.719177
2849.283615	1.804307	0.018928	2580.196289
2849.284574	1.756472	0.018928	4264.653320
2849.285444	1.705272	0.018928	5748.240234
2849.286495	1.646711	0.018928	7478.933594
2849.287520	1.592692	0.018928	9111.442383
2849.288412	1.547673	0.018928	10491.966797
2849.289363	1.501615	0.018928	11920.002930
2849.290405	0.610177	0.018928	12555.807617
2849.291326	0.095541	0.018928	12643.800781
2849.292185	0.095299	0.018928	12725.663086
2849.293240	0.095475	0.018928	12826.388672
2849.294253	0.095226	0.018928	12922.852539
2849.295122	0.095219	0.018928	13005.597656
2849.296080	0.095328	0.018928	13096.921875
2849.297120	0.095299	0.018928	13196.033203
2849.298045	0.095281	0.018928	13284.167969
2849.298912	0.095343	0.018928	13366.830078
2849.299975	0.095435	0.018928	13468.277344
2850.293008	1.356021	0.025700	691.570496
2850.294035	1.805548	0.025700	2545.868408
2850.294920	1.761753	0.025700	4105.019531
2850.295790	1.710608	0.025700	5593.248535
2850.296846	1.652113	0.025700	7337.879883
2850.297794	1.601459	0.025700	8856.062500
2850.298668	1.555682	0.025700	10215.728516
2850.299604	1.510052	0.025700	11629.137695
2850.300677	0.827347	0.025700	12516.881836
2850.301579	0.098445	0.025700	12605.678711
2850.302445	0.095299	0.025700	12688.208008
2850.303488	0.095402	0.025700	12787.711914
2850.304442	0.095299	0.025700	12878.626953
2850.305320	0.095358	0.025700	12962.350586
2850.306225	0.095332	0.025700	13048.625977
2850.307288	0.095376	0.025700	13150.010742
2850.308171	0.095398	0.025700	13234.247070
2850.309031	0.095347	0.025700	13316.245117
2850.310065	0.095446	0.025700	13414.935547
2851.359767	1.398809	0.013985	707.797180
2851.360770	1.805548	0.013985	2518.761963
2851.361668	1.761896	0.013985	4100.944336
2851.362657	1.704675	0.013985	5786.868164
2851.363706	1.646169	0.013985	7513.699707
2851.364622	1.596790	0.013985	8976.359375
2851.365492	1.550826	0.013985	10325.578125
2851.366596	1.498956	0.013985	11980.425781
2851.367583	0.615487	0.013985	12587.911133
2851.368449	0.096119	0.013985	12671.150391
2851.369513	0.095475	0.013985	12772.735352
2851.370548	0.095369	0.013985	12871.442383
2851.371437	0.095244	0.013985	12956.114258
2851.372358	0.095383	0.013985	13043.961914
2851.373406	0.095325	0.013985	13143.862305
2851.374362	0.095317	0.013985	13234.985352
2851.375230	0.095347	0.013985	13317.746094
2851.376272	0.095438	0.013985	13417.192383
2851.377293	0.095354	0.013985	13514.548828
2852.376615	1.420671	0.019814	735.907776
2852.377574	1.806888	0.019814	2468.713867
2852.378457	1.764595	0.019814	4026.851074
2852.379389	1.710135	0.019814	5620.697266
2852.380449	1.651172	0.019814	7370.939453
2852.381352	1.602766	0.019814	8818.237305
2852.382218	1.557367	0.019814	10166.916992
2852.383263	1.507093	0.019814	11741.830078
2852.384232	0.895920	0.019814	12609.976562
2852.385108	0.101199	0.019814	12698.626953
2852.386010	0.095317	0.019814	12784.603516
2852.387097	0.095303	0.019814	12888.197266
2852.387976	0.095284	0.019814	12971.952148
2852.388834	0.095394	0.019814	13053.800781
2852.389871	0.095409	0.019814	13152.740234
2852.390832	0.095314	0.019814	13244.336914
2852.391699	0.095306	0.019814	13326.967773
2852.392555	0.095314	0.019814	13408.556641
2852.393654	0.095405	0.019814	13513.407227
2853.434812	1.303114	0.017167	552.520386
2853.435818	1.803549	0.017167	2366.890137
2853.436890	1.758208	0.017167	4251.688965
2853.437781	1.704774	0.017167	5770.642578
2853.438651	1.653322	0.017167	7209.032227
2853.439754	1.596694	0.017167	8970.185547
2853.440727	1.547278	0.017167	10475.686523
2853.441598	1.505354	0.017167	11786.849609
2853.442643	0.723212	0.017167	12542.605469
2853.443693	0.095471	0.017167	12642.850586
2853.444580	0.095295	0.017167	12727.377930
2853.445510	0.095306	0.017167	12816.012695
2853.446578	0.095321	0.017167	12917.815430
2853.447519	0.095303	0.017167	13007.495117
2853.448382	0.095303	0.017167	13089.741211
2853.449427	0.095288	0.017167	13189.317383
2853.450449	0.095306	0.017167	13286.720703
2853.451340	0.095288	0.017167	13371.622070
2853.452287	0.095482	0.017167	13462.043945
2854.456867	1.402852	0.020898	722.468567
2854.457747	1.807441	0.020898	2313.016846
2854.458615	1.770392	0.020898	3849.716797
2854.459671	1.709312	0.020898	5654.750000
2854.460634	1.655087	0.020898	7248.598633
2854.461507	1.607534	0.020898	8651.975586
2854.462376	1.560278	0.020898	10007.857422
2854.463504	1.508430	0.020898	11709.366211
2854.464410	1.007834	0.020898	12622.463867
2854.465278	0.107867	0.020898	12716.092773
2854.466314	0.095233	0.020898	12814.753906
2854.467290	0.095167	0.020898	12907.636719
2854.468168	0.095186	0.020898	12991.209961
2854.469037	0.095336	0.020898	13074.056641
2854.470134	0.095226	0.020898	13178.519531
2854.471022	0.095248	0.020898	13263.099609
2854.471880	0.095292	0.020898	13344.860352
2854.472979	0.095391	0.020898	13449.694336
2854.473952	0.095244	0.020898	13542.367187
2855.513587	1.365721	0.020636	655.546326
2855.514462	1.807482	0.020636	2237.092773
2855.515434	1.767085	0.020636	3954.699219
2855.516500	1.704855	0.020636	5772.074219
2855.517428	1.652395	0.020636	7305.497070
2855.518302	1.604623	0.020636	8707.937500
2855.519377	1.550808	0.020636	10375.056641
2855.520374	1.502450	0.020636	11872.999023
2855.521271	0.858486	0.020636	12643.061523
2855.522249	0.099880	0.020636	12740.744141
2855.523306	0.095328	0.020636	12841.505859
2855.524215	0.095339	0.020636	12928.168945
2855.525078	0.095376	0.020636	13010.478516
2855.526187	0.095248	0.020636	13116.108398
2855.527165	0.095288	0.020636	13209.299805
2855.528028	0.095248	0.020636	13291.499023
2855.529127	0.095442	0.020636	13396.389648
2855.530164	0.095273	0.020636	13495.188477
2855.531053	0.095273	0.020636	13579.886719
2856.533490	1.374705	0.023129	652.984680
2856.534376	1.807064	0.023129	2254.043701
2856.535236	1.771739	0.023129	3777.739746
2856.536302	1.710780	0.023129	5601.431152
2856.537230	1.657903	0.023129	7139.964844
2856.538110	1.610405	0.023129	8557.121094
2856.539068	1.561512	0.023129	10053.049805
2856.540101	1.511265	0.023129	11614.186523
2856.541005	1.102819	0.023129	12611.134766
2856.541871	0.118634	0.023129	12713.872070
2856.542933	0.095244	0.023129	12815.021484
2856.543889	0.095273	0.023129	12906.102539
2856.544764	0.095332	0.023129	12989.517578
2856.545712	0.095281	0.023129	13079.843750
2856.546732	0.095284	0.023129	13177.034180
2856.547614	0.095336	0.023129	13261.120117
2856.548473	0.095284	0.023129	13342.969727
2856.549506	0.095380	0.023129	13441.497070
2856.550453	0.095321	0.023129	13531.765625
2857.595468	1.445024	0.016128	823.663940
2857.596529	1.802809	0.016128	2736.444092
2857.597416	1.755630	0.016128	4293.687988
2857.598289	1.702471	0.016128	5779.944824
2857.599400	1.643221	0.016128	7605.563477
2857.600361	1.592029	0.016128	9135.502930
2857.601222	1.548743	0.016128	10468.970703
2857.602245	1.497964	0.016128	12001.387695
2857.603297	0.525981	0.016128	12554.720703
2857.604187	0.095398	0.016128	12639.625000
2857.605115	0.095314	0.016128	12728.076172
2857.606176	0.095376	0.016128	12829.270508
2857.607124	0.095321	0.016128	12919.634766
2857.607991	0.095299	0.016128	13002.258789
2857.609020	0.095460	0.016128	13100.487305
2857.610032	0.095255	0.016128	13196.885742
2857.610938	0.095295	0.016128	13283.223633
2857.611889	0.095372	0.016128	13373.922852
2857.612937	0.095273	0.016128	13473.769531
2858.608915	1.392532	0.021409	697.658386
2858.609929	1.804962	0.021409	2527.890137
2858.610826	1.761086	0.021409	4107.584961
2858.611790	1.705609	0.021409	5751.791992
2858.612838	1.646397	0.021409	7477.215820
2858.613776	1.596731	0.021409	8974.949219
2858.614644	1.551797	0.021409	10321.909180
2858.615723	1.499751	0.021409	11940.140625
2858.616731	0.602930	0.021409	12547.893555
2858.617626	0.095742	0.021409	12633.583008
2858.618607	0.095376	0.021409	12727.146484
2858.619662	0.095288	0.021409	12827.675781
2858.620566	0.095211	0.021409	12913.747070
2858.621428	0.095306	0.021409	12995.901367
2858.622504	0.095405	0.021409	13098.557617
2858.623494	0.095299	0.021409	13192.903320
2858.624372	0.095259	0.021409	13276.541016
2858.625370	0.095391	0.021409	13371.741211
2858.626409	0.095281	0.021409	13470.738281
2859.675913	1.379524	0.018734	693.900513
2859.676850	1.807104	0.018734	2387.157227
2859.677717	1.767634	0.018734	3919.696289
2859.678770	1.706418	0.018734	5716.554687
2859.679805	1.648568	0.018734	7422.822754
2859.680702	1.600133	0.018734	8858.142578
2859.681628	1.553511	0.018734	10296.693359
2859.682502	1.510682	0.018734	11617.029297
2859.683510	0.960568	0.018734	12585.281250
2859.684435	0.102495	0.018734	12680.088867
2859.685314	0.095142	0.018734	12763.718750
2859.686195	0.095266	0.018734	12847.648437
2859.687154	0.095295	0.018734	12939.037109
2859.688076	0.095255	0.018734	13026.862305
2859.688951	0.095299	0.018734	13110.249023
2859.689956	0.095186	0.018734	13205.910156
2859.690846	0.095314	0.018734	13290.739258
2859.691763	0.095321	0.018734	13378.148437
2859.692629	0.095317	0.018734	13460.693359
2860.685850	1.399863	0.021546	715.330200
2860.686784	1.806760	0.021546	2402.844238
2860.687653	1.766550	0.021546	3937.976562
2860.688711	1.704836	0.021546	5741.693359
2860.689740	1.647539	0.021546	7437.010742
2860.690636	1.599847	0.021546	8870.473633
2860.691604	1.551222	0.021546	10372.056641
2860.692666	1.498916	0.021546	11963.905273
2860.693604	0.688671	0.021546	12609.877930
2860.694467	0.096943	0.021546	12693.540039
2860.695550	0.095369	0.021546	12796.824219
2860.696549	0.095259	0.021546	12891.987305
2860.697446	0.095226	0.021546	12977.405273
2860.698432	0.095387	0.021546	13071.457031
2860.699485	0.095380	0.021546	13171.891602
2860.700388	0.095215	0.021546	13257.871094
2860.701252	0.095372	0.021546	13340.272461
2860.702348	0.095413	0.021546	13444.844727
2860.703320	0.095336	0.021546	13537.510742
2861.754810	1.305721	0.018892	549.708740
2861.755783	1.803417	0.018892	2304.433105
2861.756722	1.765690	0.018892	3962.415771
2861.757645	1.712439	0.018892	5542.997070
2861.758525	1.661814	0.018892	7005.393555
2861.759569	1.606985	0.018892	8683.085937
2861.760463	1.560465	0.018892	10078.141602
2861.761352	1.517274	0.018892	11426.998047
2861.762306	1.155502	0.018892	12529.346680
2861.763290	0.118019	0.018892	12645.477539
2861.764166	0.095178	0.018892	12728.853516
2861.765069	0.095328	0.018892	12814.934570
2861.766150	0.095186	0.018892	12917.830078
2861.767019	0.095259	0.018892	13000.610352
2861.767893	0.095310	0.018892	13083.911133
2861.768786	0.095365	0.018892	13169.072266
2861.769815	0.095219	0.018892	13267.051758
2861.770709	0.095215	0.018892	13352.173828
2861.771570	0.095270	0.018892	13434.201172
2862.766086	1.392030	0.025011	684.878845
2862.766973	1.807262	0.025011	2287.920166
2862.767908	1.766924	0.025011	3939.993896
2862.768971	1.704928	0.025011	5752.332520
2862.769917	1.652179	0.025011	7315.293945
2862.770787	1.604861	0.025011	8711.522461
2862.771853	1.551530	0.025011	10365.453125
2862.772866	1.501787	0.025011	11886.763672
2862.773758	0.847302	0.025011	12642.557617
2862.774721	0.100067	0.025011	12738.921875
2862.775775	0.095178	0.025011	12839.239258
2862.776684	0.095171	0.025011	12925.750000
2862.777549	0.095240	0.025011	13008.132812
2862.778597	0.095251	0.025011	13107.956055
2862.779592	0.095303	0.025011	13202.782227
2862.780483	0.095178	0.025011	13287.585937
2862.781447	0.095277	0.025011	13379.432617
2862.782495	0.095310	0.025011	13479.317383
2862.783415	0.095248	0.025011	13566.945312
2863.831610	1.429563	0.016648	761.957092
2863.832642	1.803922	0.016648	2623.604736
2863.833539	1.758153	0.016648	4200.667969
2863.834481	1.703686	0.016648	5805.540527
2863.835556	1.643558	0.016648	7572.365723
2863.836493	1.594383	0.016648	9066.302734
2863.837363	1.548962	0.016648	10413.900391
2863.838427	1.497964	0.016648	12007.734375
2863.839441	0.545354	0.016648	12560.723633
2863.840335	0.095438	0.016648	12646.045898
2863.841287	0.095332	0.016648	12736.801758
2863.842320	0.095347	0.016648	12835.294922
2863.843241	0.095229	0.016648	12923.000977
2863.844104	0.095266	0.016648	13005.215820
2863.845165	0.095442	0.016648	13106.479492
2863.846163	0.095314	0.016648	13201.602539
2863.847036	0.095288	0.016648	13284.789062
2863.848014	0.095394	0.016648	13378.084961
2863.849068	0.095350	0.016648	13478.583984
2864.847910	1.391374	0.020579	740.211243
2864.848951	1.803380	0.020579	2617.530029
2864.849863	1.757029	0.020579	4219.940430
2864.850728	1.705349	0.020579	5695.067383
2864.851815	1.646437	0.020579	7484.744141
2864.852812	1.592985	0.020579	9072.950195
2864.853695	1.548699	0.020579	10440.451172
2864.854712	1.499557	0.020579	11965.500000
2864.855759	0.568744	0.020579	12560.974609
2864.856653	0.095427	0.020579	12646.286133
2864.857508	0.095233	0.020579	12727.710937
2864.858607	0.095391	0.020579	12832.544922
2864.859568	0.095314	0.020579	12924.141602
2864.860436	0.095208	0.020579	13006.781250
2864.861483	0.095391	0.020579	13106.655273
2864.862526	0.095321	0.020579	13206.075195
2864.863421	0.095259	0.020579	13291.332031
2864.864332	0.095361	0.020579	13378.206055
2864.865398	0.095350	0.020579	13479.849609
2865.908245	1.397036	0.018013	704.106201
2865.909259	1.805112	0.018013	2534.489990
2865.910153	1.760995	0.018013	4108.819336
2865.911141	1.704397	0.018013	5792.763672
2865.912198	1.644935	0.018013	7531.459961
2865.913121	1.595900	0.018013	9004.475586
2865.913985	1.550328	0.018013	10343.958984
2865.915083	1.498352	0.018013	11989.149414
2865.916077	0.574889	0.018013	12560.588867
2865.916967	0.095815	0.018013	12645.864258
2865.917965	0.095354	0.018013	12741.027344
2865.919004	0.095200	0.018013	12839.940430
2865.919887	0.095175	0.018013	12923.979492
2865.920745	0.095295	0.018013	13005.743164
2865.921856	0.095372	0.018013	13111.702148
2865.922808	0.095281	0.018013	13202.409180
2865.923666	0.095211	0.018013	13284.100586
2865.924702	0.095361	0.018013	13382.894531
2865.925759	0.095281	0.018013	13483.606445
2866.927307	1.343119	0.024700	586.942932
2866.928179	1.804918	0.024700	2160.831543
2866.929217	1.764763	0.024700	3992.655762
2866.930110	1.712651	0.024700	5522.053711
2866.930989	1.662858	0.024700	6983.705566
2866.931978	1.610603	0.024700	8576.591797
2866.932926	1.560571	0.024700	10056.013672
2866.933858	1.515509	0.024700	11468.467773
2866.934725	1.237072	0.024700	12541.008789
2866.935763	0.119854	0.024700	12665.416992
2866.936640	0.095215	0.024700	12748.919922
2866.937511	0.095369	0.024700	12831.986328
2866.938460	0.095295	0.024700	12922.421875
2866.939423	0.095248	0.024700	13014.145508
2866.940351	0.095255	0.024700	13102.541992
2866.941233	0.095200	0.024700	13186.508789
2866.942250	0.095332	0.024700	13283.461914
2866.943151	0.095303	0.024700	13369.330078
2866.944026	0.095262	0.024700	13452.684570
2867.985157	1.377623	0.020007	684.678772
2867.986097	1.806804	0.020007	2383.074707
2867.986968	1.766411	0.020007	3921.618896
2867.988040	1.704902	0.020007	5749.274414
2867.989050	1.647968	0.020007	7413.721680
2867.989950	1.600430	0.020007	8854.108398
2867.990915	1.551497	0.020007	10351.302734
2867.991972	1.499828	0.020007	11936.621094
2867.992900	0.735692	0.020007	12619.343750
2867.993761	0.097749	0.020007	12703.505859
2867.994837	0.095372	0.020007	12806.126953
2867.995834	0.095259	0.020007	12901.099609
2867.996710	0.095200	0.020007	12984.495117
2867.997714	0.095372	0.020007	13080.249023
2867.998753	0.095336	0.020007	13179.302734
2867.999646	0.095226	0.020007	13264.339844
2868.000503	0.095314	0.020007	13346.023437
2868.001596	0.095387	0.020007	13450.281250
2868.002555	0.095251	0.020007	13541.626953
2869.007383	1.357053	0.023500	701.596497
2869.008434	1.803065	0.023500	2596.617920
2869.009365	1.756725	0.023500	4232.128906
2869.010228	1.704840	0.023500	5703.405762
2869.011309	1.646184	0.023500	7482.930664
2869.012330	1.591897	0.023500	9108.257812
2869.013213	1.546300	0.023500	10473.640625
2869.014195	1.499260	0.023500	11945.914062
2869.015276	0.537466	0.023500	12526.915039
2869.016161	0.095350	0.023500	12611.299805
2869.017028	0.095292	0.023500	12693.917969
2869.018108	0.095332	0.023500	12796.876953
2869.019094	0.095273	0.023500	12890.816406
2869.019993	0.095237	0.023500	12976.434570
2869.020977	0.095339	0.023500	13070.248047
2869.022018	0.095321	0.023500	13169.477539
2869.022919	0.095222	0.023500	13255.272461
2869.023786	0.095288	0.023500	13337.887695
2869.024886	0.095281	0.023500	13442.696289
2870.062563	1.353468	0.021337	606.353699
2870.063441	1.806313	0.021337	2192.296875
2870.064317	1.773131	0.021337	3745.559570
2870.065291	1.717972	0.021337	5418.864746
2870.066210	1.662763	0.021337	6946.943359
2870.067144	1.613661	0.021337	8454.102539
2870.068020	1.566460	0.021337	9826.321289
2870.069036	1.518893	0.021337	11369.516602
2870.069971	1.274667	0.021337	12561.330078
2870.070864	0.148964	0.021337	12694.354492
2870.071730	0.095182	0.021337	12776.782227
2870.072741	0.095273	0.021337	12873.103516
2870.073661	0.095200	0.021337	12960.687500
2870.074526	0.095347	0.021337	13043.162109
2870.075551	0.095251	0.021337	13140.794922
2870.076431	0.095219	0.021337	13224.586914
2870.077338	0.095211	0.021337	13310.943359
2870.078204	0.095244	0.021337	13393.424805
2870.079179	0.095255	0.021337	13486.298828
2871.085319	1.398644	0.024825	695.125977
2871.086203	1.806786	0.024825	2292.324707
2871.087168	1.765902	0.024825	3996.420166
2871.088215	1.704368	0.024825	5780.893066
2871.089154	1.651890	0.024825	7332.017578
2871.090019	1.604495	0.024825	8719.905273
2871.091084	1.551046	0.024825	10371.769531
2871.092098	1.501718	0.024825	11894.510742
2871.092978	0.862848	0.024825	12653.816406
2871.093942	0.100540	0.024825	12750.736328
2871.094990	0.095332	0.024825	12850.644531
2871.095903	0.095321	0.024825	12937.672852
2871.096771	0.095317	0.024825	13020.408203
2871.097848	0.095383	0.024825	13123.135742
2871.098843	0.095240	0.024825	13217.900391
2871.099732	0.095310	0.024825	13302.630859
2871.100714	0.095471	0.024825	13396.383789
2871.101758	0.095398	0.024825	13495.979492
2871.102663	0.095332	0.024825	13582.254883
2872.141816	1.367897	0.020148	659.326172
2872.142704	1.807277	0.020148	2264.187744
2872.143631	1.767946	0.020148	3903.073242
2872.144698	1.705708	0.020148	5723.063477
2872.145657	1.651791	0.020148	7307.130859
2872.146524	1.605095	0.020148	8698.748047
2872.147591	1.551314	0.020148	10354.000000
2872.148602	1.501432	0.020148	11871.947266
2872.149496	0.859387	0.020148	12640.239258
2872.150464	0.100510	0.020148	12737.533203
2872.151498	0.095321	0.020148	12836.094727
2872.152422	0.095219	0.020148	12924.076172
2872.153278	0.095343	0.020148	13005.689453
2872.154340	0.095420	0.020148	13107.025391
2872.155344	0.095251	0.020148	13202.658203
2872.156217	0.095284	0.020148	13285.841797
2872.157188	0.095391	0.020148	13378.465820
2872.158236	0.095325	0.020148	13478.366211
2872.159150	0.095251	0.020148	13565.425781
2873.164066	1.407594	0.026227	727.726135
2873.165105	1.803721	0.026227	2601.791748
2873.165981	1.759131	0.026227	4142.790527
2873.166934	1.704313	0.026227	5767.000488
2873.167988	1.645001	0.026227	7500.831543
2873.168927	1.595105	0.026227	8998.634766
2873.169799	1.550321	0.026227	10350.514648
2873.170859	1.499216	0.026227	11939.683594
2873.171887	0.573629	0.026227	12529.374023
2873.172783	0.095603	0.026227	12615.034180
2873.173740	0.095339	0.026227	12706.274414
2873.174783	0.095376	0.026227	12805.751953
2873.175699	0.095347	0.026227	12893.089844
2873.176564	0.095288	0.026227	12975.513672
2873.177649	0.095376	0.026227	13078.997070
2873.178637	0.095237	0.026227	13173.090820
2873.179534	0.095314	0.026227	13258.586914
2873.180517	0.095358	0.026227	13352.323242
2873.181557	0.095277	0.026227	13451.411133
2874.219463	1.324255	0.022864	570.754028
2874.220460	1.803417	0.022864	2368.760498
2874.221514	1.758248	0.022864	4221.954102
2874.222401	1.705096	0.022864	5734.374512
2874.223274	1.654200	0.022864	7178.491211
2874.224383	1.597185	0.022864	8949.769531
2874.225342	1.548186	0.022864	10434.479492
2874.226206	1.505962	0.022864	11735.630859
2874.227249	0.784794	0.022864	12554.170898
2874.228291	0.096160	0.022864	12654.369141
2874.229171	0.095186	0.022864	12738.132812
2874.230098	0.095369	0.022864	12826.539062
2874.231171	0.095328	0.022864	12928.826172
2874.232105	0.095153	0.022864	13017.698242
2874.232974	0.095284	0.022864	13100.500000
2874.233994	0.095369	0.022864	13197.776367
2874.235014	0.095281	0.022864	13294.962891
2874.235905	0.095222	0.022864	13379.805664
2874.236844	0.095358	0.022864	13469.346680
2875.242937	1.314690	0.025784	558.743225
2875.244004	1.803735	0.025784	2483.328857
2875.245019	1.755776	0.025784	4265.441895
2875.245896	1.704525	0.025784	5760.310547
2875.246871	1.650168	0.025784	7369.224609
2875.247952	1.593036	0.025784	9091.296875
2875.248857	1.546479	0.025784	10490.861328
2875.249725	1.502322	0.025784	11794.876953
2875.250822	0.650647	0.025784	12508.636719
2875.251814	0.095332	0.025784	12603.206055
2875.252712	0.095142	0.025784	12688.643555
2875.253690	0.095372	0.025784	12781.917969
2875.254737	0.095391	0.025784	12881.791992
2875.255626	0.095222	0.025784	12966.444336
2875.256483	0.095314	0.025784	13048.127930
2875.257586	0.095431	0.025784	13153.388672
2875.258546	0.095299	0.025784	13244.875977
2875.259412	0.095215	0.025784	13327.332031
2875.260470	0.095350	0.025784	13428.212891
2876.299211	1.326280	0.020072	580.910828
2876.300204	1.803281	0.020072	2371.569092
2876.301273	1.757058	0.020072	4249.864258
2876.302171	1.703668	0.020072	5779.758301
2876.303033	1.652849	0.020072	7204.514160
2876.304155	1.595643	0.020072	8994.826172
2876.305129	1.546443	0.020072	10501.061523
2876.305995	1.503713	0.020072	11803.277344
2876.307039	0.730089	0.020072	12565.490234
2876.308079	0.095808	0.020072	12665.130859
2876.308950	0.095303	0.020072	12748.139648
2876.309837	0.095391	0.020072	12832.750977
2876.310938	0.095424	0.020072	12937.812500
2876.311887	0.095237	0.020072	13028.192383
2876.312758	0.095376	0.020072	13111.264648
2876.313787	0.095427	0.020072	13209.458984
2876.314815	0.095358	0.020072	13307.486328
2876.315706	0.095325	0.020072	13392.420898
2876.316655	0.095358	0.020072	13482.915039
2877.321239	1.393674	0.024781	714.954895
2877.322132	1.806577	0.024781	2328.228271
2877.323010	1.768466	0.024781	3880.941162
2877.323914	1.714450	0.024781	5430.803711
2877.324960	1.656460	0.024781	7163.460937
2877.325850	1.608472	0.024781	8595.000977
2877.326726	1.563845	0.024781	9964.929687
2877.327759	1.514183	0.024781	11529.081055
2877.328653	1.149331	0.024781	12556.583008
2877.329574	0.122834	0.024781	12669.713867
2877.330449	0.095182	0.024781	12752.998047
2877.331485	0.095244	0.024781	12851.670898
2877.332385	0.095361	0.024781	12937.496094
2877.333261	0.095273	0.024781	13020.956055
2877.334233	0.095358	0.024781	13113.643555
2877.335187	0.095288	0.024781	13204.548828
2877.336098	0.095262	0.024781	13291.333008
2877.336962	0.095259	0.024781	13373.636719
2877.337998	0.095292	0.024781	13472.359375
2878.377240	1.399801	0.021780	718.097900
2878.378216	1.805786	0.021780	2480.545166
2878.379079	1.764503	0.021780	4003.311523
2878.380208	1.698860	0.021780	5921.324219
2878.381248	1.641368	0.021780	7628.347168
2878.382148	1.593541	0.021780	9062.534180
2878.383103	1.545831	0.021780	10538.802734
2878.384164	1.493654	0.021780	12123.569336
2878.385112	0.515017	0.021780	12611.805664
2878.385974	0.095607	0.021780	12694.218750
2878.387052	0.095394	0.021780	12797.053711
2878.388051	0.095277	0.021780	12892.235352
2878.388936	0.095288	0.021780	12976.565430
2878.389927	0.095321	0.021780	13071.028320
2878.390967	0.095251	0.021780	13170.089844
2878.391879	0.095347	0.021780	13257.045898
2878.392740	0.095409	0.021780	13339.193359
2878.393823	0.095435	0.021780	13442.548828
2878.394817	0.095317	0.021780	13537.293945
2879.399702	1.363726	0.027577	702.318665
2879.400752	1.802659	0.027577	2595.110352
2879.401676	1.756432	0.027577	4218.053223
2879.402538	1.705012	0.027577	5687.773437
2879.403627	1.645375	0.027577	7479.586426
2879.404626	1.592146	0.027577	9070.140625
2879.405508	1.547256	0.027577	10434.820312
2879.406517	1.499575	0.027577	11947.891602
2879.407567	0.561086	0.027577	12537.032227
2879.408468	0.095413	0.027577	12622.999023
2879.409324	0.095240	0.027577	12704.524414
2879.410387	0.095347	0.027577	12805.877930
2879.411380	0.095233	0.027577	12900.444336
2879.412268	0.095211	0.027577	12984.992187
2879.413254	0.095405	0.027577	13079.061523
2879.414304	0.095339	0.027577	13179.167969
2879.415202	0.095240	0.027577	13264.694336
2879.416065	0.095233	0.027577	13346.880859
2879.417167	0.095471	0.027577	13452.089844
2880.455862	1.311291	0.021707	550.742432
2880.456931	1.803831	0.021707	2479.037109
2880.457929	1.755926	0.021707	4231.451660
2880.458827	1.704492	0.021707	5762.085449
2880.459835	1.648345	0.021707	7423.616699
2880.460892	1.592908	0.021707	9107.320312
2880.461783	1.546403	0.021707	10485.165039
2880.462654	1.502512	0.021707	11793.853516
2880.463764	0.641990	0.021707	12506.461914
2880.464721	0.095574	0.021707	12597.925781
2880.465579	0.095270	0.021707	12679.666992
2880.466614	0.095383	0.021707	12778.388672
2880.467656	0.095332	0.021707	12877.724609
2880.468537	0.095310	0.021707	12961.692383
2880.469448	0.095306	0.021707	13048.516602
2880.470497	0.095365	0.021707	13148.554687
2880.471458	0.095248	0.021707	13240.087891
2880.472331	0.095237	0.021707	13323.229492
2880.473352	0.095347	0.021707	13420.578125
2881.478082	1.317323	0.026400	567.766174
2881.478949	1.805120	0.026400	2132.804932
2881.480004	1.763991	0.026400	3993.814941
2881.481028	1.704470	0.026400	5739.192383
2881.481926	1.653984	0.026400	7224.470215
2881.482896	1.602975	0.026400	8779.355469
2881.483951	1.548695	0.026400	10413.228516
2881.484875	1.503695	0.026400	11802.642578
2881.485745	0.934570	0.026400	12615.718750
2881.486842	0.097203	0.026400	12722.350586
2881.487832	0.095259	0.026400	12816.657227
2881.488722	0.095306	0.026400	12901.479492
2881.489703	0.095398	0.026400	12995.064453
2881.490751	0.095303	0.026400	13094.941406
2881.491654	0.095306	0.026400	13181.002930
2881.492510	0.095321	0.026400	13262.597656
2881.493623	0.095482	0.026400	13368.869141
2881.494579	0.095295	0.026400	13459.971680
2881.495437	0.095350	0.026400	13541.782227
2882.535392	1.365348	0.020044	614.406555
2882.536276	1.805955	0.020044	2210.870361
2882.537294	1.765726	0.020044	4008.379639
2882.538181	1.711110	0.020044	5526.133789
2882.539101	1.659979	0.020044	7053.314453
2882.539981	1.610955	0.020044	8470.954102
2882.541022	1.558769	0.020044	10093.632812
2882.541915	1.515183	0.020044	11446.691406
2882.542803	1.273510	0.020044	12577.568359
2882.543803	0.142112	0.020044	12719.679687
2882.544732	0.095211	0.020044	12808.130859
2882.545654	0.095358	0.020044	12896.050781
2882.546520	0.095314	0.020044	12978.592773
2882.547556	0.095314	0.020044	13077.337891
2882.548429	0.095259	0.020044	13160.499023
2882.549294	0.095299	0.020044	13242.932617
2882.550251	0.095387	0.020044	13334.217773
2882.551207	0.095328	0.020044	13425.351562
2882.552123	0.095200	0.020044	13512.554687
2883.555004	1.306666	0.025123	555.333130
2883.555993	1.802018	0.025123	2337.528809
2883.557054	1.757845	0.025123	4202.602539
2883.557977	1.703317	0.025123	5774.763672
2883.558841	1.653688	0.025123	7203.549805
2883.559900	1.597562	0.025123	8895.368164
2883.560910	1.546615	0.025123	10457.449219
2883.561804	1.503611	0.025123	11801.677734
2883.562795	0.775906	0.025123	12570.600586
2883.563845	0.095896	0.025123	12671.291016
2883.564751	0.095145	0.025123	12757.492187
2883.565610	0.095266	0.025123	12839.326172
2883.566709	0.095376	0.025123	12944.144531
2883.567689	0.095237	0.025123	13037.476562
2883.568553	0.095248	0.025123	13119.770508
2883.569623	0.095350	0.025123	13221.794922
2883.570661	0.095295	0.025123	13320.711914
2883.571553	0.095186	0.025123	13405.617187
2883.572440	0.095284	0.025123	13490.134766
2884.616991	1.395993	0.022122	713.352173
2884.617890	1.806039	0.022122	2336.980957
2884.618779	1.766979	0.022122	3907.825195
2884.619778	1.708905	0.022122	5615.021484
2884.620784	1.651952	0.022122	7276.885254
2884.621680	1.604638	0.022122	8714.640625
2884.622543	1.558539	0.022122	10059.659180
2884.623653	1.506101	0.022122	11731.431641
2884.624582	0.939869	0.022122	12604.570312
2884.625461	0.102792	0.022122	12694.923828
2884.626438	0.095266	0.022122	12787.999023
2884.627427	0.095219	0.022122	12882.169922
2884.628314	0.095208	0.022122	12966.619141
2884.629176	0.095284	0.022122	13048.753906
2884.630246	0.095226	0.022122	13150.645508
2884.631157	0.095219	0.022122	13237.389648
2884.632024	0.095248	0.022122	13319.969727
2884.632979	0.095299	0.022122	13410.980469
2884.633990	0.095255	0.022122	13507.283203
2885.630923	1.318425	0.027049	577.470276
2885.631792	1.805500	0.027049	2146.450195
2885.632865	1.763236	0.027049	4038.402344
2885.633894	1.703284	0.027049	5791.081055
2885.634771	1.653245	0.027049	7240.976562
2885.635733	1.602634	0.027049	8782.710937
2885.636806	1.548201	0.027049	10443.929687
2885.637724	1.502395	0.027049	11823.127930
2885.638597	0.919698	0.027049	12626.024414
2885.639635	0.097932	0.027049	12727.677734
2885.640651	0.095204	0.027049	12824.405273
2885.641539	0.095233	0.027049	12908.972656
2885.642517	0.095347	0.027049	13002.221680
2885.643572	0.095321	0.027049	13102.785156
2885.644490	0.095251	0.027049	13190.225586
2885.645352	0.095354	0.027049	13272.420898
2885.646445	0.095416	0.027049	13376.710937
2885.647438	0.095197	0.027049	13471.241211
2885.648329	0.095200	0.027049	13556.064453
2886.697669	1.321516	0.020882	573.538025
2886.698537	1.804567	0.020882	2139.901855
2886.699617	1.762434	0.020882	4043.330566
2886.700609	1.704203	0.020882	5733.899902
2886.701510	1.654182	0.020882	7224.317871
2886.702492	1.602360	0.020882	8797.834961
2886.703546	1.548585	0.020882	10430.043945
2886.704460	1.504402	0.020882	11805.067383
2886.705332	0.905577	0.020882	12594.730469
2886.706448	0.096896	0.020882	12702.866211
2886.707414	0.095262	0.020882	12794.889648
2886.708280	0.095310	0.020882	12877.427734
2886.709361	0.095420	0.020882	12980.577148
2886.710391	0.095292	0.020882	13078.727539
2886.711273	0.095365	0.020882	13162.839844
2886.712199	0.095416	0.020882	13251.195312
2886.713252	0.095387	0.020882	13351.637695
2886.714185	0.095402	0.020882	13440.647461
2886.715043	0.095295	0.020882	13522.411133
2887.708341	1.306406	0.025981	551.303467
2887.709403	1.803512	0.025981	2466.633301
2887.710424	1.754883	0.025981	4258.368652
2887.711323	1.703166	0.025981	5789.515625
2887.712300	1.648802	0.025981	7400.395508
2887.713365	1.592369	0.025981	9096.268555
2887.714288	1.545300	0.025981	10522.581055
2887.715156	1.501421	0.025981	11825.814453
2887.716266	0.602589	0.025981	12494.688477
2887.717242	0.095273	0.025981	12587.675781
2887.718138	0.095222	0.025981	12672.995117
2887.719120	0.095431	0.025981	12766.708008
2887.720171	0.095295	0.025981	12866.863281
2887.721054	0.095233	0.025981	12950.954102
2887.721963	0.095292	0.025981	13037.574219
2887.722840	0.095328	0.025981	13121.176758
2887.723791	0.095339	0.025981	13211.844727
2887.724737	0.095380	0.025981	13302.074219
2887.725616	0.095219	0.025981	13385.771484
2888.777934	1.329562	0.023504	581.018494
2888.778943	1.802443	0.023504	2399.683105
2888.779996	1.756285	0.023504	4249.051758
2888.780894	1.703624	0.023504	5778.906250
2888.781757	1.652900	0.023504	7205.359375
2888.782847	1.596918	0.023504	8946.000000
2888.783816	1.547622	0.023504	10445.645508
2888.784687	1.505240	0.023504	11756.709961
2888.785693	0.794604	0.023504	12556.082031
2888.786746	0.096284	0.023504	12657.469727
2888.787635	0.095204	0.023504	12742.105469
2888.788512	0.095306	0.023504	12825.689453
2888.789606	0.095464	0.023504	12930.126953
2888.790558	0.095208	0.023504	13020.764648
2888.791428	0.095186	0.023504	13103.576172
2888.792445	0.095303	0.023504	13200.499023
2888.793488	0.095347	0.023504	13299.945312
2888.794381	0.095273	0.023504	13385.024414
2888.795277	0.095372	0.023504	13470.477539
2889.787338	1.327727	0.026058	581.544434
2889.788220	1.805794	0.026058	2174.254395
2889.789210	1.766840	0.026058	3923.425781
2889.790228	1.706902	0.026058	5661.051758
2889.791130	1.656544	0.026058	7155.254883
2889.792002	1.608636	0.026058	8557.986328
2889.793080	1.554448	0.026058	10233.681641
2889.794011	1.508350	0.026058	11637.955078
2889.794896	1.103405	0.026058	12614.467773
2889.795882	0.117345	0.026058	12730.169922
2889.796882	0.095284	0.026058	12825.454102
2889.797773	0.095325	0.026058	12910.388672
2889.798634	0.095288	0.026058	12992.431641
2889.799710	0.095431	0.026058	13095.115234
2889.800636	0.095317	0.026058	13183.378906
2889.801507	0.095251	0.026058	13266.342773
2889.802482	0.095391	0.026058	13359.348633
2889.803501	0.095251	0.026058	13456.410156
2889.804383	0.095248	0.026058	13540.418945
2890.854842	1.318572	0.022839	555.118713
2890.855935	1.803278	0.022839	2526.101074
2890.856929	1.754802	0.022839	4270.374512
2890.857827	1.702928	0.022839	5799.604492
2890.858837	1.647235	0.022839	7463.312012
2890.859889	1.591710	0.022839	9137.791016
2890.860782	1.545216	0.022839	10517.668945
2890.861677	1.501051	0.022839	11861.109375
2890.862768	0.611521	0.022839	12528.279297
2890.863716	0.095387	0.022839	12618.706055
2890.864578	0.095156	0.022839	12700.730469
2890.865613	0.095328	0.022839	12799.395508
2890.866645	0.095251	0.022839	12897.695312
2890.867520	0.095193	0.022839	12980.989258
2890.868453	0.095292	0.022839	13069.896484
2890.869517	0.095310	0.022839	13171.306641
2890.870457	0.095189	0.022839	13260.784180
2890.871322	0.095332	0.022839	13343.246094
2890.872356	0.095391	0.022839	13441.879883
2891.866816	1.322761	0.029546	568.787292
2891.867696	1.805640	0.029546	2157.750244
2891.868687	1.767448	0.029546	3909.290771
2891.869745	1.706774	0.029546	5715.057129
2891.870646	1.654878	0.029546	7206.102051
2891.871509	1.606128	0.029546	8592.190430
2891.872633	1.551438	0.029546	10336.006836
2891.873602	1.504698	0.029546	11794.059570
2891.874475	0.974982	0.029546	12645.218750
2891.875517	0.100023	0.029546	12749.443359
2891.876533	0.095270	0.029546	12846.237305
2891.877419	0.095281	0.029546	12930.656250
2891.878354	0.095361	0.029546	13019.819336
2891.879415	0.095354	0.029546	13120.990234
2891.880355	0.095270	0.029546	13210.543945
2891.881213	0.095350	0.029546	13292.354492
2891.882254	0.095446	0.029546	13391.712891
2891.883269	0.095369	0.029546	13488.511719
2891.884158	0.095295	0.029546	13573.229492
2892.931278	1.332228	0.020801	582.183533
2892.932154	1.804534	0.020801	2162.955078
2892.933189	1.763551	0.020801	3988.230469
2892.934092	1.711080	0.020801	5533.335937
2892.934975	1.661550	0.020801	7000.484863
2892.935947	1.609863	0.020801	8565.271484
2892.936910	1.560385	0.020801	10067.921875
2892.937836	1.514674	0.020801	11470.509766
2892.938700	1.271316	0.020801	12568.926758
2892.939733	0.125435	0.020801	12698.500977
2892.940615	0.095109	0.020801	12782.386719
2892.941487	0.095215	0.020801	12865.414062
2892.942406	0.095343	0.020801	12953.034180
2892.943410	0.095233	0.020801	13048.648437
2892.944306	0.095284	0.020801	13134.023437
2892.945199	0.095175	0.020801	13219.014648
2892.946200	0.095295	0.020801	13314.405273
2892.947112	0.095156	0.020801	13401.187500
2892.948036	0.095197	0.020801	13489.149414
2893.948945	1.395941	0.027045	700.762451
2893.949947	1.804428	0.027045	2508.798828
2893.950848	1.760391	0.027045	4094.910645
2893.951844	1.702925	0.027045	5791.023437
2893.952903	1.644390	0.027045	7532.432129
2893.953800	1.595863	0.027045	8963.920898
2893.954689	1.549724	0.027045	10341.625977
2893.955786	1.497473	0.027045	11984.353516
2893.956751	0.632999	0.027045	12595.197266
2893.957622	0.096053	0.027045	12678.859375
2893.958683	0.095314	0.027045	12779.987305
2893.959707	0.095259	0.027045	12877.532227
2893.960598	0.095259	0.027045	12962.408203
2893.961551	0.095442	0.027045	13053.364258
2893.962585	0.095394	0.027045	13152.001953
2893.963509	0.095288	0.027045	13240.047852
2893.964367	0.095277	0.027045	13321.795898
2893.965418	0.095365	0.027045	13422.024414
2893.966423	0.095292	0.027045	13517.792969
2895.008547	1.410242	0.020301	726.274475
2895.009586	1.803358	0.020301	2599.963623
2895.010481	1.758168	0.020301	4173.523926
2895.011437	1.703218	0.020301	5801.799805
2895.012487	1.644064	0.020301	7528.066406
2895.013425	1.594614	0.020301	9023.814453
2895.014296	1.549871	0.020301	10373.751953
2895.015362	1.498678	0.020301	11971.342773
2895.016377	0.578987	0.020301	12559.014648
2895.017253	0.095735	0.020301	12642.877930
2895.018219	0.095402	0.020301	12735.036133
2895.019279	0.095391	0.020301	12836.150391
2895.020173	0.095270	0.020301	12921.321289
2895.021038	0.095328	0.020301	13003.780273
2895.022109	0.095365	0.020301	13105.916016
2895.023095	0.095336	0.020301	13199.916992
2895.023989	0.095281	0.020301	13285.097656
2895.024966	0.095295	0.020301	13378.201172
2895.026022	0.095343	0.020301	13478.883789
2896.028942	1.389104	0.027919	701.497498
2896.029889	1.805819	0.027919	2411.608154
2896.030765	1.764836	0.027919	3957.604980
2896.031802	1.704430	0.027919	5725.098633
2896.032840	1.646876	0.027919	7434.556152
2896.033737	1.599393	0.027919	8869.211914
2896.034713	1.550519	0.027919	10382.518555
2896.035780	1.497623	0.027919	11980.482422
2896.036716	0.669265	0.027919	12606.914062
2896.037579	0.096760	0.027919	12690.417969
2896.038663	0.095453	0.027919	12793.888672
2896.039656	0.095314	0.027919	12888.535156
2896.040546	0.095295	0.027919	12973.347656
2896.041522	0.095449	0.027919	13066.505859
2896.042571	0.095391	0.027919	13166.570312
2896.043477	0.095240	0.027919	13252.858398
2896.044338	0.095343	0.027919	13334.949219
2896.045431	0.095398	0.027919	13439.218750
2896.046411	0.095332	0.027919	13532.644531
2897.085712	1.390690	0.022292	709.251770
2897.086626	1.806086	0.022292	2360.014648
2897.087492	1.766023	0.022292	3889.390625
2897.088593	1.703412	0.022292	5764.847168
2897.089584	1.647968	0.022292	7397.982910
2897.090480	1.600250	0.022292	8831.806641
2897.091478	1.550482	0.022292	10379.187500
2897.092524	1.499612	0.022292	11947.781250
2897.093436	0.747415	0.022292	12629.422852
2897.094294	0.097972	0.022292	12713.483398
2897.095392	0.095394	0.022292	12818.226562
2897.096352	0.095262	0.022292	12909.678711
2897.097211	0.095288	0.022292	12991.531250
2897.098295	0.095438	0.022292	13094.986328
2897.099321	0.095262	0.022292	13192.725586
2897.100210	0.095262	0.022292	13277.414062
2897.101133	0.095398	0.022292	13365.466797
2897.102204	0.095350	0.022292	13467.586914
2897.103131	0.095332	0.022292	13555.959961
2898.105882	1.393520	0.028028	699.547302
2898.106773	1.805859	0.028028	2308.567871
2898.107642	1.768634	0.028028	3845.510742
2898.108575	1.713860	0.028028	5444.541992
2898.109577	1.657863	0.028028	7105.720215
2898.110488	1.608336	0.028028	8570.914062
2898.111387	1.562845	0.028028	9975.912109
2898.112390	1.514605	0.028028	11495.060547
2898.113303	1.150778	0.028028	12545.720703
2898.114240	0.119901	0.028028	12658.068359
2898.115105	0.095310	0.028028	12740.511719
2898.116140	0.095233	0.028028	12839.078125
2898.117024	0.095255	0.028028	12923.283203
2898.117892	0.095251	0.028028	13005.961914
2898.118889	0.095321	0.028028	13100.997070
2898.119787	0.095233	0.028028	13186.516602
2898.120699	0.095303	0.028028	13273.432617
2898.121574	0.095219	0.028028	13356.749023
2898.122610	0.095222	0.028028	13455.399414
2899.166404	1.317817	0.022747	571.932800
2899.167269	1.804398	0.022747	2132.737305
2899.168358	1.761768	0.022747	4051.302246
2899.169355	1.703452	0.022747	5749.644043
2899.170257	1.653131	0.022747	7240.768555
2899.171248	1.601111	0.022747	8827.469727
2899.172298	1.547838	0.022747	10452.699219
2899.173196	1.503197	0.022747	11802.570312
2899.174061	0.920870	0.022747	12599.123047
2899.175151	0.097712	0.022747	12705.629883
2899.176114	0.095197	0.022747	12797.303711
2899.176993	0.095262	0.022747	12881.039062
2899.178000	0.095365	0.022747	12977.071289
2899.179044	0.095376	0.022747	13076.643555
2899.179918	0.095251	0.022747	13159.893555
2899.180804	0.095336	0.022747	13244.361328
2899.181893	0.095394	0.022747	13348.246094
2899.182863	0.095251	0.022747	13440.639648
2899.183732	0.095317	0.022747	13523.470703
2900.182514	1.384307	0.026888	646.471130
2900.183407	1.805925	0.026888	2259.162354
2900.184290	1.770154	0.026888	3822.208008
2900.185275	1.713538	0.026888	5510.042480
2900.186224	1.658617	0.026888	7084.069824
2900.187146	1.609486	0.026888	8568.015625
2900.188021	1.563757	0.026888	9936.302734
2900.189057	1.513861	0.026888	11504.663086
2900.189952	1.213682	0.026888	12590.908203
2900.190833	0.138783	0.026888	12713.175781
2900.191778	0.095233	0.026888	12803.170898
2900.192761	0.095288	0.026888	12896.838867
2900.193684	0.095321	0.026888	12984.820312
2900.194542	0.095193	0.026888	13066.496094
2900.195572	0.095303	0.026888	13164.658203
2900.196469	0.095321	0.026888	13250.161133
2900.197345	0.095277	0.026888	13333.624023
2900.198204	0.095299	0.026888	13415.486328
2900.199257	0.095273	0.026888	13515.809570
2901.247842	1.467019	0.023597	867.008179
2901.248882	1.801296	0.023597	2740.356445
2901.249768	1.754425	0.023597	4294.777344
2901.250685	1.700922	0.023597	5854.522461
2901.251760	1.641826	0.023597	7619.485352
2901.252712	1.591238	0.023597	9134.343750
2901.253573	1.546838	0.023597	10466.171875
2901.254601	1.496821	0.023597	12004.904297
2901.255646	0.508359	0.023597	12536.139648
2901.256543	0.095299	0.023597	12621.623047
2901.257477	0.095453	0.023597	12710.776367
2901.258526	0.095361	0.023597	12810.810547
2901.259463	0.095361	0.023597	12900.164062
2901.260332	0.095372	0.023597	12983.042969
2901.261395	0.095427	0.023597	13084.482422
2901.262402	0.095314	0.023597	13180.462891
2901.263298	0.095369	0.023597	13265.913086
2901.264258	0.095369	0.023597	13357.466797
2901.265307	0.095416	0.023597	13457.558594
2902.258723	1.398237	0.028584	720.092224
2902.259608	1.805958	0.028584	2318.365234
2902.260473	1.768854	0.028584	3848.423828
2902.261528	1.707945	0.028584	5650.306152
2902.262506	1.653010	0.028584	7266.950195
2902.263381	1.605524	0.028584	8671.783203
2902.264245	1.558759	0.028584	10018.550781
2902.265351	1.507610	0.028584	11685.966797
2902.266262	0.999170	0.028584	12596.210937
2902.267138	0.107377	0.028584	12690.272461
2902.268137	0.095237	0.028584	12785.414062
2902.269117	0.095262	0.028584	12878.771484
2902.270044	0.095288	0.028584	12967.103516
2902.270904	0.095365	0.028584	13049.117187
2902.272002	0.095284	0.028584	13153.739258
2902.272909	0.095208	0.028584	13240.092773
2902.273773	0.095321	0.028584	13322.450195
2902.274873	0.095398	0.028584	13427.387695
2902.275851	0.095325	0.028584	13520.615234
2903.327559	1.437576	0.024149	813.667847
2903.328612	1.801692	0.024149	2710.849365
2903.329502	1.754897	0.024149	4272.708008
2903.330381	1.701471	0.024149	5768.300781
2903.331490	1.641995	0.024149	7589.272949
2903.332447	1.591447	0.024149	9112.287109
2903.333317	1.546952	0.024149	10458.134766
2903.334349	1.496997	0.024149	12003.036133
2903.335392	0.509176	0.024149	12534.106445
2903.336284	0.095328	0.024149	12619.139648
2903.337214	0.095361	0.024149	12707.826172
2903.338273	0.095369	0.024149	12808.821289
2903.339212	0.095237	0.024149	12898.249023
2903.340079	0.095303	0.024149	12980.876953
2903.341135	0.095347	0.024149	13081.563477
2903.342148	0.095255	0.024149	13178.056641
2903.343037	0.095321	0.024149	13262.796875
2903.343977	0.095281	0.024149	13352.360352
2903.345007	0.095402	0.024149	13450.624023
2904.336060	1.304312	0.031279	547.810852
2904.336934	1.802523	0.031279	2123.216064
2904.338053	1.760057	0.031279	4092.720215
2904.339021	1.704177	0.031279	5742.363770
2904.339890	1.654750	0.031279	7180.341309
2904.340913	1.600320	0.031279	8817.468750
2904.341954	1.548069	0.031279	10429.008789
2904.342849	1.504120	0.031279	11775.196289
2904.343795	0.864060	0.031279	12592.596680
2904.344856	0.096672	0.031279	12695.166016
2904.345800	0.095306	0.031279	12785.134766
2904.346662	0.095405	0.031279	12867.374023
2904.347732	0.095358	0.031279	12969.406250
2904.348743	0.095270	0.031279	13065.723633
2904.349636	0.095339	0.031279	13150.861328
2904.350599	0.095420	0.031279	13242.750977
2904.351651	0.095347	0.031279	13343.055664
2904.352560	0.095391	0.031279	13429.765625
2904.353418	0.095409	0.031279	13511.626953
2905.406972	1.335267	0.022146	652.945801
2905.408037	1.802259	0.022146	2572.352051
2905.408991	1.754952	0.022146	4246.576660
2905.409858	1.703771	0.022146	5723.746094
2905.410916	1.645192	0.022146	7464.358887
2905.411930	1.591633	0.022146	9078.275391
2905.412829	1.546143	0.022146	10468.257812
2905.413792	1.499685	0.022146	11912.454102
2905.414851	0.572563	0.022146	12518.798828
2905.415769	0.095416	0.022146	12606.390625
2905.416627	0.095314	0.022146	12688.169922
2905.417700	0.095314	0.022146	12790.441406
2905.418701	0.095270	0.022146	12885.806641
2905.419574	0.095336	0.022146	12969.035156
2905.420489	0.095244	0.022146	13056.183594
2905.421349	0.095233	0.022146	13138.083984
2905.422326	0.095215	0.022146	13231.109375
2905.423248	0.095354	0.022146	13319.025391
2905.424134	0.095273	0.022146	13403.437500
2906.416313	1.301052	0.030251	549.044006
2906.417352	1.802838	0.030251	2422.192871
2906.418402	1.755568	0.030251	4265.539062
2906.419288	1.703188	0.030251	5774.563965
2906.420241	1.650179	0.030251	7347.185059
2906.421303	1.593614	0.030251	9039.603516
2906.422254	1.546080	0.030251	10509.925781
2906.423114	1.503135	0.030251	11802.622070
2906.424160	0.695424	0.030251	12530.035156
2906.425183	0.095533	0.030251	12627.765625
2906.426077	0.095281	0.030251	12712.946289
2906.427041	0.095369	0.030251	12804.881836
2906.428097	0.095380	0.030251	12905.602539
2906.429010	0.095233	0.030251	12992.550781
2906.429881	0.095215	0.030251	13075.482422
2906.430953	0.095325	0.030251	13177.670898
2906.431939	0.095306	0.030251	13271.642578
2906.432837	0.095306	0.030251	13357.227539
2906.433809	0.095394	0.030251	13449.951172
2907.483061	1.309318	0.023806	551.222717
2907.484111	1.803321	0.023806	2444.710205
2907.485126	1.755604	0.023806	4226.648437
2907.486018	1.703811	0.023806	5746.447754
2907.486987	1.650513	0.023806	7345.794434
2907.488037	1.594347	0.023806	9019.858398
2907.488960	1.547351	0.023806	10448.063477
2907.489825	1.503322	0.023806	11748.436523
2907.490927	0.682419	0.023806	12500.462891
2907.491908	0.095522	0.023806	12594.170898
2907.492802	0.095262	0.023806	12679.335937
2907.493795	0.095405	0.023806	12774.073242
2907.494840	0.095303	0.023806	12873.665039
2907.495728	0.095160	0.023806	12958.166992
2907.496585	0.095350	0.023806	13039.881836
2907.497691	0.095409	0.023806	13145.404297
2907.498651	0.095259	0.023806	13236.852539
2907.499508	0.095266	0.023806	13318.495117
2907.500585	0.095387	0.023806	13421.226562
2908.496820	1.310750	0.029563	549.204041
2908.497897	1.803226	0.029563	2491.278809
2908.498827	1.759391	0.029563	4127.512207
2908.499712	1.708085	0.029563	5639.166992
2908.500704	1.653384	0.029563	7279.323730
2908.501716	1.598394	0.029563	8896.898437
2908.502616	1.552800	0.029563	10294.418945
2908.503483	1.508881	0.029563	11602.618164
2908.504571	0.847588	0.029563	12524.793945
2908.505488	0.098503	0.029563	12615.121094
2908.506364	0.095273	0.029563	12698.581055
2908.507356	0.095446	0.029563	12793.262695
2908.508356	0.095288	0.029563	12888.550781
2908.509239	0.095215	0.029563	12972.625000
2908.510097	0.095262	0.029563	13054.360352
2908.511144	0.095376	0.029563	13154.218750
2908.512071	0.095325	0.029563	13242.584961
2908.512947	0.095248	0.029563	13326.022461
2908.513907	0.095354	0.029563	13417.562500
2909.559229	1.307688	0.026271	554.459717
2909.560241	1.802161	0.026271	2378.246094
2909.561295	1.757014	0.026271	4230.139160
2909.562179	1.704056	0.026271	5736.524902
2909.563050	1.652362	0.026271	7175.732422
2909.564167	1.595325	0.026271	8957.709961
2909.565139	1.546633	0.026271	10461.037109
2909.566008	1.504409	0.026271	11768.369141
2909.567030	0.766765	0.026271	12552.002930
2909.568065	0.096061	0.026271	12651.425781
2909.568959	0.095131	0.026271	12736.472656
2909.569891	0.095299	0.026271	12825.291016
2909.570957	0.095310	0.026271	12926.891602
2909.571908	0.095295	0.026271	13017.517578
2909.572769	0.095240	0.026271	13099.519531
2909.573804	0.095398	0.026271	13198.256836
2909.574820	0.095266	0.026271	13295.046875
2909.575712	0.095237	0.026271	13379.998047
2909.576669	0.095292	0.026271	13471.192383
2910.576827	1.312826	0.029687	559.263855
2910.577876	1.803662	0.029687	2451.305420
2910.578782	1.762053	0.029687	4047.725586
2910.579662	1.710388	0.029687	5552.867187
2910.580536	1.659086	0.029687	7002.908203
2910.581605	1.603484	0.029687	8717.032227
2910.582505	1.557938	0.029687	10119.176758
2910.583369	1.513627	0.029687	11426.950195
2910.584482	0.983815	0.029687	12521.935547
2910.585379	0.104498	0.029687	12615.670898
2910.586251	0.095087	0.029687	12698.586914
2910.587252	0.095251	0.029687	12793.933594
2910.588242	0.095270	0.029687	12888.250977
2910.589131	0.095259	0.029687	12972.935547
2910.589987	0.095244	0.029687	13054.464844
2910.591063	0.095303	0.029687	13157.010742
2910.591968	0.095255	0.029687	13243.216797
2910.592843	0.095186	0.029687	13326.503906
2910.593830	0.095376	0.029687	13420.639648
2911.638713	1.302854	0.021671	547.198730
2911.639610	1.802494	0.021671	2164.035645
2911.640714	1.759644	0.021671	4106.682129
2911.641677	1.703826	0.021671	5747.466309
2911.642544	1.654493	0.021671	7181.912109
2911.643597	1.598987	0.021671	8865.645508
2911.644617	1.547311	0.021671	10443.902344
2911.645512	1.504021	0.021671	11790.000977
2911.646479	0.827549	0.021671	12590.240234
2911.647532	0.096687	0.021671	12692.051758
2911.648454	0.095229	0.021671	12779.853516
2911.649315	0.095248	0.021671	12861.862305
2911.650384	0.095380	0.021671	12963.823242
2911.651375	0.095248	0.021671	13058.213867
2911.652254	0.095237	0.021671	13141.926758
2911.653231	0.095332	0.021671	13235.066406
2911.654287	0.095284	0.021671	13335.686523
2911.655179	0.095233	0.021671	13420.634766
2911.656050	0.095295	0.021671	13503.636719
2912.656069	1.316074	0.028326	564.595825
2912.656934	1.802933	0.028326	2124.133301
2912.658005	1.763423	0.028326	4012.759277
2912.658897	1.710710	0.028326	5538.712891
2912.659772	1.661653	0.028326	6992.659180
2912.660753	1.609369	0.028326	8571.450195
2912.661674	1.560461	0.028326	10008.634766
2912.662598	1.515930	0.028326	11409.354492
2912.663477	1.265372	0.028326	12521.617187
2912.664522	0.120004	0.028326	12647.021484
2912.665413	0.095145	0.028326	12731.795898
2912.666290	0.095259	0.028326	12815.337891
2912.667240	0.095336	0.028326	12905.907227
2912.668208	0.095336	0.028326	12998.192383
2912.669122	0.095336	0.028326	13085.329102
2912.669989	0.095303	0.028326	13167.957031
2912.671020	0.095332	0.028326	13266.244141
2912.671891	0.095204	0.028326	13349.166992
2912.672763	0.095281	0.028326	13432.251953
2913.715135	1.306674	0.026598	557.949646
2913.716018	1.802856	0.026598	2149.871826
2913.717094	1.761680	0.026598	4045.438965
2913.718056	1.706345	0.026598	5686.942871
2913.718918	1.657009	0.026598	7115.284668
2913.719954	1.601224	0.026598	8774.153320
2913.721015	1.548461	0.026598	10417.070312
2913.721896	1.505219	0.026598	11743.167969
2913.722845	0.881448	0.026598	12579.662109
2913.723907	0.097057	0.026598	12682.736328
2913.724849	0.095160	0.026598	12772.376953
2913.725719	0.095251	0.026598	12855.246094
2913.726781	0.095339	0.026598	12956.496094
2913.727786	0.095182	0.026598	13052.154297
2913.728677	0.095215	0.026598	13136.990234
2913.729632	0.095306	0.026598	13228.007812
2913.730678	0.095270	0.026598	13327.660156
2913.731593	0.095226	0.026598	13414.791992
2913.732456	0.095251	0.026598	13496.994141
2914.734534	1.333685	0.031875	581.486755
2914.735419	1.805552	0.031875	2179.399902
2914.736416	1.765367	0.031875	3939.471191
2914.737481	1.704576	0.031875	5754.845215
2914.738382	1.653208	0.031875	7244.385742
2914.739273	1.603854	0.031875	8673.419922
2914.740375	1.549153	0.031875	10380.585937
2914.741337	1.503366	0.031875	11826.823242
2914.742214	0.930399	0.031875	12642.783203
2914.743261	0.098445	0.031875	12745.854492
2914.744261	0.095156	0.031875	12841.010742
2914.745147	0.095175	0.031875	12925.334961
2914.746064	0.095167	0.031875	13012.603516
2914.746929	0.095134	0.031875	13094.894531
2914.747907	0.095186	0.031875	13187.986328
2914.748809	0.095233	0.031875	13273.886719
2914.749728	0.095156	0.031875	13361.334961
2914.750603	0.095226	0.031875	13444.657227
2914.751586	0.095237	0.031875	13538.275391
2915.794190	1.405503	0.023987	698.534973
2915.795070	1.805918	0.023987	2287.742676
2915.796039	1.764401	0.023987	3997.446777
2915.797101	1.702317	0.023987	5805.307129
2915.798042	1.649586	0.023987	7357.567871
2915.798905	1.602202	0.023987	8740.268555
2915.799991	1.548384	0.023987	10421.813477
2915.800994	1.499414	0.023987	11925.725586
2915.801871	0.823872	0.023987	12648.261719
2915.802861	0.099133	0.023987	12746.403320
2915.803922	0.095266	0.023987	12847.480469
2915.804830	0.095288	0.023987	12934.001953
2915.805697	0.095380	0.023987	13016.696289
2915.806785	0.095544	0.023987	13120.648437
2915.807756	0.095317	0.023987	13213.201172
2915.808641	0.095273	0.023987	13297.518555
2915.809630	0.095442	0.023987	13391.910156
2915.810690	0.095376	0.023987	13493.008789
2915.811577	0.095200	0.023987	13577.451172
2916.813590	1.398406	0.028302	706.194885
2916.814524	1.805222	0.028302	2392.272461
2916.815396	1.764851	0.028302	3931.222656
2916.816453	1.703749	0.028302	5732.084961
2916.817474	1.646825	0.028302	7413.493164
2916.818373	1.599305	0.028302	8851.268555
2916.819329	1.550900	0.028302	10333.928711
2916.820380	1.499528	0.028302	11909.932617
2916.821324	0.728243	0.028302	12597.394531
2916.822187	0.097544	0.028302	12681.575195
2916.823290	0.095435	0.028302	12786.839844
2916.824273	0.095299	0.028302	12880.518555
2916.825168	0.095204	0.028302	12965.725586
2916.826161	0.095314	0.028302	13060.372070
2916.827193	0.095328	0.028302	13158.750977
2916.828092	0.095259	0.028302	13244.388672
2916.828952	0.095262	0.028302	13326.314453
2916.830036	0.095339	0.028302	13429.662109
2916.830995	0.095222	0.028302	13520.980469
2917.873179	1.399336	0.026356	709.463318
2917.874178	1.803984	0.026356	2511.643555
2917.875069	1.760651	0.026356	4080.383301
2917.876072	1.703053	0.026356	5788.545410
2917.877129	1.644606	0.026356	7526.893555
2917.878019	1.596511	0.026356	8947.788086
2917.878878	1.550321	0.026356	10279.513672
2917.879998	1.498147	0.026356	11957.438477
2917.880971	0.652306	0.026356	12592.131836
2917.881829	0.096431	0.026356	12674.869141
2917.882849	0.095398	0.026356	12772.174805
2917.883911	0.095369	0.026356	12873.456055
2917.884784	0.095277	0.026356	12956.632812
2917.885713	0.095306	0.026356	13045.172852
2917.886775	0.095347	0.026356	13146.430664
2917.887729	0.095156	0.026356	13237.209961
2917.888598	0.095248	0.026356	13319.980469
2917.889619	0.095435	0.026356	13417.418945
2917.890637	0.095310	0.026356	13514.444336
2918.891203	1.324838	0.030932	571.005066
2918.892068	1.803131	0.030932	2130.713379
2918.893185	1.760017	0.030932	4096.652344
2918.894167	1.703265	0.030932	5769.258789
2918.895035	1.653999	0.030932	7204.929687
2918.896103	1.597606	0.030932	8911.172852
2918.897141	1.545505	0.030932	10515.407227
2918.898047	1.501249	0.030932	11875.539062
2918.898998	0.785369	0.030932	12622.424805
2918.900055	0.096010	0.030932	12723.907227
2918.900997	0.095240	0.030932	12813.624023
2918.901856	0.095259	0.030932	12895.451172
2918.902902	0.095372	0.030932	12995.210937
2918.903917	0.095273	0.030932	13091.913086
2918.904799	0.095299	0.030932	13175.966797
2918.905777	0.095284	0.030932	13269.155273
2918.906822	0.095303	0.030932	13368.747070
2918.907747	0.095332	0.030932	13456.928711
2918.908604	0.095240	0.030932	13538.549805
2919.952065	1.330558	0.024946	566.817627
2919.953173	1.802227	0.024946	2563.684570
2919.954138	1.755223	0.024946	4257.475098
2919.955007	1.704529	0.024946	5738.710937
2919.956052	1.646239	0.024946	7459.030762
2919.957084	1.591919	0.024946	9101.890625
2919.957972	1.545912	0.024946	10474.660156
2919.958917	1.500538	0.024946	11892.668945
2919.959977	0.621493	0.024946	12551.451172
2919.960918	0.095504	0.024946	12641.320312
2919.961777	0.095237	0.024946	12723.128906
2919.962825	0.095343	0.024946	12823.048828
2919.963849	0.095189	0.024946	12920.522461
2919.964721	0.095204	0.024946	13003.540039
2919.965687	0.095325	0.024946	13095.624023
2919.966732	0.095295	0.024946	13195.208008
2919.967654	0.095222	0.024946	13283.002930
2919.968522	0.095295	0.024946	13365.719727
2919.969611	0.095402	0.024946	13469.612305
2920.968381	1.316547	0.029953	560.848877
2920.969457	1.802812	0.029953	2500.675049
2920.970471	1.754125	0.029953	4279.357422
2920.971346	1.702771	0.029953	5769.282227
2920.972330	1.648499	0.029953	7391.404785
2920.973389	1.592069	0.029953	9077.406250
2920.974300	1.545392	0.029953	10485.257812
2920.975177	1.501176	0.029953	11801.789062
2920.976284	0.621859	0.029953	12490.187500
2920.977246	0.095317	0.029953	12581.882812
2920.978130	0.095310	0.029953	12666.136719
2920.979135	0.095504	0.029953	12762.118164
2920.980179	0.095314	0.029953	12861.625977
2920.981068	0.095321	0.029953	12946.366211
2920.981939	0.095358	0.029953	13029.422852
2920.983038	0.095457	0.029953	13134.330078
2920.984004	0.095259	0.029953	13226.349609
2920.984866	0.095277	0.029953	13308.478516
2920.985924	0.095376	0.029953	13409.386719
2922.033649	1.371892	0.025405	653.020630
2922.034523	1.805834	0.025405	2231.319336
2922.035493	1.765584	0.025405	3943.935303
2922.036557	1.704386	0.025405	5757.401855
2922.037469	1.652259	0.025405	7264.262695
2922.038338	1.604484	0.025405	8658.558594
2922.039411	1.550735	0.025405	10322.497070
2922.040409	1.501871	0.025405	11821.364258
2922.041311	0.898114	0.025405	12631.462891
2922.042297	0.100833	0.025405	12730.883789
2922.043342	0.095336	0.025405	12830.509766
2922.044244	0.095281	0.025405	12916.453125
2922.045102	0.095299	0.025405	12998.219727
2922.046206	0.095424	0.025405	13103.567383
2922.047173	0.095361	0.025405	13195.782227
2922.048045	0.095259	0.025405	13278.847656
2922.049128	0.095361	0.025405	13382.124023
2922.050151	0.095369	0.025405	13479.686523
2922.051044	0.095273	0.025405	13564.765625
2923.045905	1.392828	0.031335	697.807007
2923.046917	1.803300	0.031335	2522.746094
2923.047820	1.759318	0.031335	4111.409668
2923.048800	1.702991	0.031335	5780.340820
2923.049851	1.644104	0.031335	7508.293945
2923.050768	1.595072	0.031335	8970.974609
2923.051636	1.549731	0.031335	10316.141602
2923.052723	1.497986	0.031335	11944.452148
2923.053714	0.610342	0.031335	12549.300781
2923.054612	0.095837	0.031335	12635.362305
2923.055608	0.095325	0.031335	12730.305664
2923.056651	0.095317	0.031335	12829.721680
2923.057531	0.095266	0.031335	12913.555664
2923.058394	0.095222	0.031335	12995.732422
2923.059490	0.095299	0.031335	13100.180664
2923.060444	0.095303	0.031335	13191.099609
2923.061305	0.095226	0.031335	13273.088867
2923.062354	0.095424	0.031335	13373.188477
2923.063396	0.095325	0.031335	13472.516602
2924.112905	1.377074	0.024793	689.914062
2924.113837	1.805504	0.024793	2372.644043
2924.114702	1.765975	0.024793	3900.212891
2924.115773	1.704254	0.024793	5725.469238
2924.116784	1.647528	0.024793	7391.120117
2924.117679	1.599866	0.024793	8823.000000
2924.118659	1.551291	0.024793	10343.265625
2924.119709	1.500128	0.024793	11918.400391
2924.120628	0.763099	0.024793	12619.688477
2924.121489	0.098210	0.024793	12704.248047
2924.122576	0.095380	0.024793	12807.925781
2924.123555	0.095266	0.024793	12901.191406
2924.124428	0.095314	0.024793	12984.400391
2924.125410	0.095270	0.024793	13077.955078
2924.126449	0.095284	0.024793	13176.956055
2924.127337	0.095248	0.024793	13261.536133
2924.128198	0.095383	0.024793	13343.661133
2924.129289	0.095314	0.024793	13447.648437
2924.130271	0.095325	0.024793	13541.256836
2925.122583	1.399208	0.032737	716.394348
2925.123537	1.805303	0.032737	2438.653076
2925.124405	1.764452	0.032737	3970.197266
2925.125497	1.701284	0.032737	5827.999512
2925.126534	1.643719	0.032737	7532.536621
2925.127431	1.595823	0.032737	8963.989258
2925.128358	1.548285	0.032737	10399.249023
2925.129421	1.497081	0.032737	11990.646484
2925.130369	0.658044	0.032737	12614.472656
2925.131234	0.096661	0.032737	12698.084961
2925.132298	0.095365	0.032737	12799.553711
2925.133321	0.095226	0.032737	12896.969727
2925.134198	0.095281	0.032737	12980.531250
2925.135154	0.095321	0.032737	13071.658203
2925.136212	0.095394	0.032737	13172.584961
2925.137132	0.095321	0.032737	13260.280273
2925.137988	0.095251	0.032737	13341.815430
2925.139029	0.095350	0.032737	13441.075195
2925.140031	0.095219	0.032737	13536.484375
2926.192412	1.397542	0.025849	708.553528
2926.193415	1.803475	0.025849	2517.439209
2926.194298	1.760277	0.025849	4071.763916
2926.195300	1.703357	0.025849	5778.527344
2926.196358	1.644796	0.025849	7518.721680
2926.197234	1.596519	0.025849	8917.271484
2926.198120	1.549610	0.025849	10290.226562
2926.199223	1.497689	0.025849	11942.177734
2926.200189	0.663655	0.025849	12583.268555
2926.201054	0.096486	0.025849	12666.728516
2926.202069	0.095413	0.025849	12763.572266
2926.203101	0.095413	0.025849	12862.038086
2926.203997	0.095244	0.025849	12947.376953
2926.204934	0.095365	0.025849	13036.734375
2926.205997	0.095435	0.025849	13138.181641
2926.206940	0.095339	0.025849	13228.086914
2926.207801	0.095237	0.025849	13310.085937
2926.208856	0.095482	0.025849	13410.819336
2926.209868	0.095380	0.025849	13507.343750
2927.200698	1.302550	0.032850	548.373596
2927.201656	1.801615	0.032850	2274.320801
2927.202727	1.758248	0.032850	4157.404785
2927.203647	1.704243	0.032850	5725.308594
2927.204511	1.653999	0.032850	7154.363770
2927.205611	1.596749	0.032850	8910.788086
2927.206608	1.545915	0.032850	10452.065430
2927.207505	1.502754	0.032850	11800.036133
2927.208505	0.765787	0.032850	12565.823242
2927.209561	0.096064	0.032850	12667.267578
2927.210452	0.095325	0.032850	12752.202148
2927.211311	0.095314	0.032850	12834.076172
2927.212400	0.095497	0.032850	12938.072266
2927.213354	0.095284	0.032850	13028.973633
2927.214215	0.095292	0.032850	13111.019531
2927.215267	0.095409	0.032850	13211.389648
2927.216307	0.095358	0.032850	13310.561523
2927.217188	0.095244	0.032850	13394.471680
2927.218103	0.095391	0.032850	13481.753906
2928.271346	1.336282	0.026473	637.406433
2928.272426	1.801538	0.026473	2583.067383
2928.273372	1.754330	0.026473	4242.663086
2928.274234	1.703851	0.026473	5711.382812
2928.275299	1.645261	0.026473	7463.585937
2928.276330	1.590531	0.026473	9103.423828
2928.277217	1.545520	0.026473	10474.299805
2928.278184	1.499769	0.026473	11924.576172
2928.279257	0.561753	0.026473	12527.336914
2928.280170	0.095398	0.026473	12614.435547
2928.281027	0.095427	0.026473	12696.216797
2928.282088	0.095391	0.026473	12797.425781
2928.283085	0.095288	0.026473	12892.427734
2928.283972	0.095328	0.026473	12976.984375
2928.284956	0.095398	0.026473	13070.855469
2928.286007	0.095372	0.026473	13171.091797
2928.286915	0.095299	0.026473	13257.623047
2928.287779	0.095468	0.026473	13340.107422
2928.288882	0.095427	0.026473	13445.363281
2929.280443	1.302506	0.032817	549.657593
2929.281396	1.801637	0.032817	2266.617676
2929.282457	1.758516	0.032817	4132.402832
2929.283400	1.703463	0.032817	5738.768555
2929.284266	1.653655	0.032817	7170.833496
2929.285349	1.597324	0.032817	8900.735352
2929.286339	1.546842	0.032817	10432.109375
2929.287232	1.503296	0.032817	11774.552734
2929.288238	0.777491	0.032817	12556.708984
2929.289271	0.096134	0.032817	12656.015625
2929.290173	0.095186	0.032817	12741.873047
2929.291032	0.095350	0.032817	12823.779297
2929.292115	0.095424	0.032817	12927.123047
2929.293081	0.095266	0.032817	13019.150391
2929.293952	0.095208	0.032817	13102.076172
2929.294962	0.095449	0.032817	13198.479492
2929.296011	0.095332	0.032817	13298.482422
2929.296878	0.095284	0.032817	13381.093750
2929.297743	0.095391	0.032817	13463.606445
2930.348367	1.449924	0.025873	811.957581
2930.349395	1.801604	0.025873	2664.006592
2930.350295	1.755209	0.025873	4243.694336
2930.351254	1.700090	0.025873	5874.081055
2930.352300	1.641379	0.025873	7590.963867
2930.353234	1.592241	0.025873	9078.117187
2930.354098	1.547011	0.025873	10414.734375
2930.355165	1.496602	0.025873	12011.608398
2930.356185	0.531394	0.025873	12553.630859
2930.357064	0.095453	0.025873	12637.534180
2930.358041	0.095306	0.025873	12730.648437
2930.359091	0.095328	0.025873	12830.743164
2930.359991	0.095233	0.025873	12916.453125
2930.360855	0.095292	0.025873	12998.785156
2930.361921	0.095310	0.025873	13100.385742
2930.362918	0.095175	0.025873	13195.274414
2930.363808	0.095226	0.025873	13280.025391
2930.364787	0.095314	0.025873	13373.337891
2930.365837	0.095317	0.025873	13473.420898
2931.360976	1.328035	0.031722	590.975403
2931.362060	1.802117	0.031722	2544.469971
2931.363015	1.755659	0.031722	4221.124512
2931.363940	1.702222	0.031722	5795.679687
2931.364822	1.652768	0.031722	7253.421387
2931.365751	1.603660	0.031722	8743.220703
2931.366698	1.554470	0.031722	10215.303711
2931.367619	1.508998	0.031722	11605.090820
2931.368519	1.107429	0.031722	12601.777344
2931.369448	0.116796	0.031722	12710.280273
2931.370406	0.095142	0.031722	12801.425781
2931.371302	0.095215	0.031722	12886.738281
2931.372241	0.095343	0.031722	12976.265625
2931.373204	0.095262	0.031722	13068.002930
2931.374126	0.095178	0.031722	13155.756836
2931.375004	0.095229	0.031722	13239.368164
2931.375935	0.095262	0.031722	13328.057617
2931.376876	0.095248	0.031722	13417.685547
2931.377772	0.095299	0.031722	13503.073242
2932.424995	1.408400	0.024906	726.734253
2932.426004	1.803135	0.024906	2546.097168
2932.426887	1.759431	0.024906	4099.674805
2932.427887	1.702229	0.024906	5801.903809
2932.428941	1.643331	0.024906	7533.975098
2932.429852	1.594852	0.024906	8986.885742
2932.430718	1.548633	0.024906	10328.001953
2932.431814	1.497781	0.024906	11969.569336
2932.432773	0.631974	0.024906	12575.631836
2932.433655	0.096134	0.024906	12660.421875
2932.434657	0.095295	0.024906	12755.908203
2932.435718	0.095325	0.024906	12857.047852
2932.436612	0.095248	0.024906	12942.199219
2932.437486	0.095321	0.024906	13025.509766
2932.438574	0.095413	0.024906	13129.318359
2932.439527	0.095262	0.024906	13220.103516
2932.440393	0.095233	0.024906	13302.575195
2932.441438	0.095391	0.024906	13402.258789
2932.442465	0.095365	0.024906	13500.198242
2933.442113	1.436158	0.032580	802.812561
2933.443037	1.803926	0.032580	2469.639893
2933.443966	1.759519	0.032580	4104.232910
2933.444834	1.707396	0.032580	5586.252930
2933.445873	1.650861	0.032580	7301.497070
2933.446760	1.603246	0.032580	8723.576172
2933.447634	1.558835	0.032580	10085.998047
2933.448624	1.511228	0.032580	11582.113281
2933.449569	1.071852	0.032580	12595.013672
2933.450473	0.110896	0.032580	12695.263672
2933.451349	0.095175	0.032580	12778.636719
2933.452357	0.095295	0.032580	12874.694336
2933.453257	0.095156	0.032580	12960.334961
2933.454132	0.095240	0.032580	13043.669922
2933.455056	0.095237	0.032580	13131.668945
2933.456054	0.095215	0.032580	13226.693359
2933.456962	0.095189	0.032580	13313.125000
2933.457844	0.095222	0.032580	13397.111328
2933.458860	0.095299	0.032580	13493.935547
2934.501402	1.401727	0.027158	706.470581
2934.502409	1.803036	0.027158	2522.127686
2934.503301	1.759640	0.027158	4091.726562
2934.504270	1.703595	0.027158	5742.509766
2934.505327	1.644584	0.027158	7480.834961
2934.506250	1.595665	0.027158	8953.633789
2934.507117	1.549955	0.027158	10297.444336
2934.508222	1.497477	0.027158	11952.156250
2934.509219	0.592617	0.027158	12542.995117
2934.510117	0.095676	0.027158	12628.912109
2934.511099	0.095299	0.027158	12722.496094
2934.512153	0.095343	0.027158	12822.987305
2934.513048	0.095222	0.027158	12908.210937
2934.513909	0.095413	0.027158	12990.361328
2934.515002	0.095332	0.027158	13094.559570
2934.515958	0.095229	0.027158	13185.598633
2934.516817	0.095251	0.027158	13267.419922
2934.517891	0.095259	0.027158	13369.727539
2934.518915	0.095372	0.027158	13467.388672
2935.523012	1.313148	0.033659	569.906311
2935.523875	1.804098	0.033659	2126.842773
2935.524926	1.763463	0.033659	3980.242676
2935.525888	1.707590	0.033659	5622.944336
2935.526767	1.657914	0.033659	7080.250488
2935.527666	1.608743	0.033659	8526.509766
2935.528750	1.555228	0.033659	10212.376953
2935.529636	1.511873	0.033659	11551.896484
2935.530501	1.205808	0.033659	12594.920898
2935.531547	0.116730	0.033659	12717.020508
2935.532501	0.095116	0.033659	12807.760742
2935.533375	0.095204	0.033659	12890.968750
2935.534230	0.095251	0.033659	12972.409180
2935.535336	0.095248	0.033659	13077.752930
2935.536233	0.095197	0.033659	13163.144531
2935.537109	0.095259	0.033659	13246.590820
2935.538096	0.095281	0.033659	13340.632812
2935.539100	0.095303	0.033659	13436.316406
2935.539988	0.095219	0.033659	13520.870117
2936.578058	1.384233	0.030046	692.116699
2936.579032	1.804347	0.030046	2449.550781
2936.579915	1.762683	0.030046	4006.000000
2936.580933	1.704163	0.030046	5740.837402
2936.581982	1.645679	0.030046	7467.154297
2936.582879	1.597339	0.030046	8899.966797
2936.583800	1.550281	0.030046	10327.775391
2936.584878	1.498217	0.030046	11942.852539
2936.585843	0.671459	0.030046	12590.810547
2936.586701	0.096636	0.030046	12673.723633
2936.587759	0.095259	0.030046	12774.507812
2936.588776	0.095219	0.030046	12871.344727
2936.589660	0.095240	0.030046	12955.537109
2936.590598	0.095295	0.030046	13044.923828
2936.591647	0.095284	0.030046	13144.876953
2936.592571	0.095226	0.030046	13232.865234
2936.593428	0.095277	0.030046	13314.517578
2936.594479	0.095222	0.030046	13414.595703
2936.595499	0.095237	0.030046	13511.737305
2937.599928	1.302448	0.034743	549.632874
2937.600945	1.802585	0.034743	2382.862305
2937.601981	1.755923	0.034743	4201.998047
2937.602872	1.703844	0.034743	5720.123047
2937.603824	1.651084	0.034743	7291.955078
2937.604886	1.594102	0.034743	8984.890625
2937.605832	1.546937	0.034743	10448.292969
2937.606698	1.503658	0.034743	11750.460937
2937.607751	0.739003	0.034743	12528.630859
2937.608757	0.095790	0.034743	12624.995117
2937.609651	0.095149	0.034743	12710.058594
2937.610627	0.095270	0.034743	12803.041992
2937.611681	0.095292	0.034743	12903.479492
2937.612603	0.095153	0.034743	12991.209961
2937.613466	0.095306	0.034743	13073.458984
2937.614542	0.095405	0.034743	13176.115234
2937.615517	0.095116	0.034743	13268.853516
2937.616406	0.095171	0.034743	13353.460937
2937.617401	0.095314	0.034743	13448.297852
2938.658767	1.344642	0.027847	601.055115
2938.659646	1.804746	0.027847	2187.426758
2938.660520	1.772051	0.027847	3736.199219
2938.661523	1.714702	0.027847	5456.045410
2938.662461	1.660474	0.027847	7013.569824
2938.663383	1.611504	0.027847	8499.376953
2938.664250	1.565369	0.027847	9856.551758
2938.665300	1.515586	0.027847	11447.916992
2938.666193	1.253163	0.027847	12566.991211
2938.667066	0.151490	0.027847	12699.242187
2938.668038	0.095211	0.027847	12791.787109
2938.668990	0.095251	0.027847	12882.466797
2938.669900	0.095219	0.027847	12969.115234
2938.670773	0.095149	0.027847	13052.180664
2938.671799	0.095255	0.027847	13149.912109
2938.672699	0.095222	0.027847	13235.612305
2938.673575	0.095237	0.027847	13319.040039
2938.674460	0.095303	0.027847	13403.382812
2938.675493	0.095153	0.027847	13501.675781
2939.676598	1.312163	0.032540	549.796326
2939.677692	1.801816	0.032540	2520.983643
2939.678686	1.753275	0.032540	4263.739258
2939.679586	1.702236	0.032540	5795.751953
2939.680586	1.646301	0.032540	7442.053223
2939.681644	1.590645	0.032540	9124.955078
2939.682543	1.544458	0.032540	10513.422852
2939.683416	1.500198	0.032540	11823.095703
2939.684535	0.585472	0.032540	12478.239258
2939.685485	0.095259	0.032540	12568.735352
2939.686357	0.095273	0.032540	12651.813477
2939.687404	0.095361	0.032540	12751.657227
2939.688409	0.095259	0.032540	12847.392578
2939.689303	0.095193	0.032540	12932.495117
2939.690232	0.095321	0.032540	13021.048828
2939.691297	0.095273	0.032540	13122.514648
2939.692227	0.095299	0.032540	13211.142578
2939.693087	0.095186	0.032540	13293.001953
2939.694136	0.095332	0.032540	13393.004883
2940.740287	1.327148	0.028398	566.692383
2940.741394	1.802120	0.028398	2561.639648
2940.742305	1.757520	0.028398	4162.740234
2940.743180	1.706843	0.028398	5656.228027
2940.744187	1.651450	0.028398	7319.238281
2940.745194	1.597141	0.028398	8927.559570
2940.746076	1.552496	0.028398	10296.861328
2940.747056	1.504047	0.028398	11770.827148
2940.748148	0.701261	0.028398	12536.604492
2940.749027	0.096354	0.028398	12621.299805
2940.749905	0.095204	0.028398	12704.888672
2940.750892	0.095248	0.028398	12798.898437
2940.751882	0.095164	0.028398	12893.110352
2940.752780	0.095240	0.028398	12978.636719
2940.753756	0.095325	0.028398	13071.673828
2940.754814	0.095303	0.028398	13172.503906
2940.755715	0.095211	0.028398	13258.289062
2940.756577	0.095277	0.028398	13340.417969
2940.757676	0.095380	0.028398	13445.240234
2941.753650	1.407466	0.031980	765.661377
2941.754719	1.800154	0.031980	2690.025879
2941.755630	1.752726	0.031980	4286.759277
2941.756499	1.699603	0.031980	5763.714355
2941.757623	1.639607	0.031980	7606.632812
2941.758587	1.588839	0.031980	9138.273437
2941.759460	1.545238	0.031980	10487.266602
2941.760493	1.494844	0.031980	12031.440430
2941.761538	0.469102	0.031980	12521.651367
2941.762433	0.095156	0.031980	12606.816406
2941.763363	0.095299	0.031980	12695.444336
2941.764431	0.095332	0.031980	12797.258789
2941.765382	0.095171	0.031980	12887.766602
2941.766249	0.095303	0.031980	12970.394531
2941.767310	0.095284	0.031980	13071.491211
2941.768320	0.095288	0.031980	13167.732422
2941.769208	0.095182	0.031980	13252.253906
2941.770185	0.095372	0.031980	13345.432617
2941.771237	0.095211	0.031980	13445.594727
2942.820403	1.432006	0.028503	760.395020
2942.821436	1.802003	0.028503	2621.864258
2942.822340	1.755897	0.028503	4209.195312
2942.823293	1.701182	0.028503	5830.421387
2942.824347	1.642035	0.028503	7561.125977
2942.825291	1.592278	0.028503	9064.236328
2942.826160	1.546776	0.028503	10408.384766
2942.827227	1.496451	0.028503	12005.098633
2942.828247	0.531226	0.028503	12546.949219
2942.829124	0.095504	0.028503	12630.706055
2942.830091	0.095244	0.028503	12722.807617
2942.831139	0.095328	0.028503	12822.711914
2942.832052	0.095131	0.028503	12909.566406
2942.832908	0.095372	0.028503	12991.205078
2942.833983	0.095457	0.028503	13093.821289
2942.834967	0.095288	0.028503	13187.584961
2942.835857	0.095281	0.028503	13272.384766
2942.836832	0.095405	0.028503	13365.405273
2942.837871	0.095303	0.028503	13464.424805
2943.830555	1.402474	0.035291	708.249512
2943.831544	1.803318	0.035291	2491.730957
2943.832442	1.760387	0.035291	4072.558594
2943.833442	1.702826	0.035291	5775.384766
2943.834491	1.643998	0.035291	7499.938477
2943.835399	1.595728	0.035291	8948.859375
2943.836265	1.549058	0.035291	10290.343750
2943.837386	1.497059	0.035291	11968.546875
2943.838364	0.628088	0.035291	12582.817383
2943.839228	0.096072	0.035291	12665.823242
2943.840297	0.095350	0.035291	12767.752930
2943.841328	0.095361	0.035291	12866.070312
2943.842220	0.095288	0.035291	12951.067383
2943.843141	0.095343	0.035291	13038.877930
2943.844190	0.095336	0.035291	13138.884766
2943.845133	0.095248	0.035291	13228.703125
2943.845993	0.095332	0.035291	13310.688477
2943.847038	0.095347	0.035291	13410.326172
2943.848051	0.095251	0.035291	13506.815430
2944.900155	1.447332	0.029027	793.137695
2944.901202	1.801216	0.029027	2679.010742
2944.902094	1.754952	0.029027	4244.428223
2944.903016	1.700918	0.029027	5812.674805
2944.904094	1.641548	0.029027	7582.263672
2944.905039	1.591736	0.029027	9086.454102
2944.905906	1.547201	0.029027	10427.876953
2944.906969	1.496345	0.029027	12018.492187
2944.907995	0.526505	0.029027	12558.686523
2944.908872	0.095358	0.029027	12642.315430
2944.909849	0.095391	0.029027	12735.511719
2944.910895	0.095303	0.029027	12835.198242
2944.911806	0.095240	0.029027	12921.961914
2944.912669	0.095240	0.029027	13004.154297
2944.913723	0.095299	0.029027	13104.599609
2944.914721	0.095193	0.029027	13199.602539
2944.915609	0.095215	0.029027	13284.153320
2944.916575	0.095200	0.029027	13376.117187
2944.917622	0.095270	0.029027	13475.864258
2945.908681	1.322816	0.036930	570.133728
2945.909625	1.802025	0.036930	2271.245605
2945.910659	1.759687	0.036930	4090.762451
2945.911606	1.704910	0.036930	5705.312012
2945.912470	1.655295	0.036930	7135.487305
2945.913512	1.600730	0.036930	8803.448242
2945.914535	1.548688	0.036930	10387.755859
2945.915424	1.504951	0.036930	11725.657227
2945.916387	0.873362	0.036930	12566.705078
2945.917449	0.097390	0.036930	12670.133789
2945.918367	0.095321	0.036930	12757.638672
2945.919234	0.095303	0.036930	12840.266602
2945.920277	0.095424	0.036930	12939.792969
2945.921285	0.095251	0.036930	13035.806641
2945.922182	0.095332	0.036930	13121.319336
2945.923152	0.095446	0.036930	13213.901367
2945.924204	0.095288	0.036930	13314.144531
2945.925114	0.095332	0.036930	13400.896484
2945.925975	0.095350	0.036930	13482.993164
2946.978492	1.311233	0.030396	555.962769
2946.979395	1.801846	0.030396	2183.029297
2946.980488	1.758289	0.030396	4104.838867
2946.981453	1.703276	0.030396	5748.500488
2946.982323	1.654047	0.030396	7187.520996
2946.983357	1.598822	0.030396	8840.703125
2946.984400	1.546007	0.030396	10453.188477
2946.985296	1.502490	0.030396	11799.419922
2946.986268	0.814871	0.030396	12591.474609
2946.987326	0.096259	0.030396	12693.316406
2946.988255	0.095237	0.030396	12781.791016
2946.989116	0.095332	0.030396	12863.872070
2946.990195	0.095354	0.030396	12966.758789
2946.991204	0.095306	0.030396	13062.922852
2946.992093	0.095284	0.030396	13147.630859
2946.993063	0.095387	0.030396	13240.156250
2946.994102	0.095427	0.030396	13339.304687
2946.995003	0.095211	0.030396	13425.089844
2946.995860	0.095383	0.030396	13506.833008
2947.987917	1.331858	0.037776	587.349365
2947.988787	1.804680	0.037776	2157.421143
2947.989783	1.765591	0.037776	3915.949707
2947.990840	1.704924	0.037776	5718.054687
2947.991741	1.653380	0.037776	7207.750000
2947.992626	1.604575	0.037776	8627.798828
2947.993710	1.550757	0.037776	10308.819336
2947.994668	1.505292	0.037776	11750.888672
2947.995544	1.002700	0.037776	12629.253906
2947.996583	0.100818	0.037776	12734.003906
2947.997613	0.095208	0.037776	12832.067383
2947.998495	0.095204	0.037776	12916.037109
2947.999435	0.095288	0.037776	13005.607422
2948.000479	0.095277	0.037776	13105.077148
2948.001420	0.095189	0.037776	13194.650391
2948.002280	0.095229	0.037776	13276.547852
2948.003321	0.095339	0.037776	13375.795898
2948.004343	0.095299	0.037776	13473.191406
2948.005224	0.095226	0.037776	13557.084961
2949.056383	1.497865	0.027440	894.225403
2949.057439	1.799037	0.027440	2794.008301
2949.058327	1.751104	0.027440	4348.988281
2949.059245	1.698007	0.027440	5907.758301
2949.060309	1.639160	0.027440	7651.824707
2949.061256	1.589689	0.027440	9157.259766
2949.062121	1.545092	0.027440	10493.763672
2949.063167	1.495221	0.027440	12057.764648
2949.064203	0.499669	0.027440	12575.421875
2949.065086	0.095328	0.027440	12659.596680
2949.066024	0.095328	0.027440	12749.014648
2949.067088	0.095354	0.027440	12850.471680
2949.068018	0.095292	0.027440	12939.092773
2949.068882	0.095369	0.027440	13021.491211
2949.069929	0.095394	0.027440	13121.369141
2949.070940	0.095314	0.027440	13217.731445
2949.071828	0.095259	0.027440	13302.321289
2949.072788	0.095299	0.027440	13393.808594
2949.073851	0.095222	0.027440	13495.029297
