time (s)	coil I (A)	last det (V)	int current (uC)
722.154873	1.308278	0.429595	556.018005
722.155933	1.803578	0.429595	2467.810547
722.156954	1.756025	0.429595	4260.712402
722.157853	1.703320	0.429595	5791.997070
722.158816	1.650447	0.429595	7381.377441
722.159866	1.594343	0.429595	9055.437500
722.160788	1.547714	0.429595	10482.429687
722.161658	0.812959	0.429595	11189.704102
722.162724	0.096416	0.429595	11292.483398
722.163724	0.095310	0.429595	11387.792969
722.164598	0.095284	0.429595	11471.071289
722.165599	0.095347	0.429595	11566.513672
722.166631	0.095361	0.429595	11664.926758
722.167529	0.095306	0.429595	11750.511719
722.168384	0.095310	0.429595	11832.001953
722.169460	0.095424	0.429595	11934.677734
722.170472	0.095295	0.429595	12031.116211
722.171365	0.095306	0.429595	12116.224609
723.174274	1.305905	0.536615	556.315308
723.175192	1.802523	0.536615	2211.031494
723.176257	1.761284	0.536615	4086.799316
723.177211	1.706016	0.536615	5714.337891
723.178074	1.656833	0.536615	7144.185059
723.179101	1.601829	0.536615	8789.262695
723.180129	1.549574	0.536615	10382.224609
723.181031	0.853242	0.536615	11151.848633
723.181985	0.099998	0.536615	11247.246094
723.183032	0.095493	0.536615	11347.227539
723.183962	0.095328	0.536615	11435.882812
723.184830	0.095339	0.536615	11518.637695
723.185887	0.095493	0.536615	11619.574219
723.186894	0.095409	0.536615	11715.651367
723.187788	0.095350	0.536615	11800.894531
723.188749	0.095475	0.536615	11892.645508
723.189804	0.095603	0.536615	11993.506836
723.190721	0.095376	0.536615	12080.966797
724.231164	1.303268	0.458994	547.372498
724.232164	1.802911	0.458994	2350.283691
724.233222	1.758527	0.458994	4210.804687
724.234104	1.705855	0.458994	5715.368164
724.234966	1.654801	0.458994	7141.806641
724.236079	1.597841	0.458994	8920.203125
724.237046	1.549479	0.458994	10418.548828
724.237924	0.860925	0.458994	11174.441406
724.238945	0.097423	0.458994	11273.910156
724.239976	0.095420	0.458994	11372.288086
724.240868	0.095354	0.458994	11457.343750
724.241796	0.095387	0.458994	11545.863281
724.242876	0.095446	0.458994	11648.944336
724.243823	0.095306	0.458994	11739.199219
724.244685	0.095365	0.458994	11821.404297
724.245751	0.095475	0.458994	11923.180664
724.246755	0.095306	0.458994	12018.868164
724.247637	0.095303	0.458994	12102.924805
725.255720	1.419016	0.496530	739.307373
725.256721	1.804175	0.496530	2545.286377
725.257613	1.760845	0.496530	4115.959961
725.258605	1.703555	0.496530	5805.886230
725.259669	1.644254	0.496530	7555.372559
725.260585	1.595317	0.496530	9016.683594
725.261453	1.549021	0.496530	10361.234375
725.262583	0.560116	0.496530	10994.165039
725.263550	0.095314	0.496530	11086.333008
725.264419	0.095350	0.496530	11169.192383
725.265493	0.095449	0.496530	11271.705078
725.266520	0.095358	0.496530	11369.637695
725.267415	0.095325	0.496530	11454.953125
725.268327	0.095369	0.496530	11541.929687
725.269389	0.095490	0.496530	11643.339844
725.270327	0.095361	0.496530	11732.789062
725.271185	0.095365	0.496530	11814.612305
725.272218	0.095526	0.496530	11913.291016
726.309081	1.394367	0.462921	701.366333
726.310097	1.804054	0.462921	2534.285156
726.310980	1.761486	0.462921	4089.676758
726.311982	1.703881	0.462921	5796.964844
726.313029	1.645928	0.462921	7520.250977
726.313907	1.597987	0.462921	8923.283203
726.314806	1.551383	0.462921	10317.976562
726.315892	0.655437	0.462921	11029.781250
726.316859	0.095610	0.462921	11122.236328
726.317724	0.095391	0.462921	11204.749023
726.318740	0.095544	0.462921	11301.822266
726.319775	0.095383	0.462921	11400.543945
726.320665	0.095402	0.462921	11485.451172
726.321591	0.095500	0.462921	11573.884766
726.322657	0.095475	0.462921	11675.661133
726.323601	0.095354	0.462921	11765.675781
726.324463	0.095369	0.462921	11847.883789
726.325507	0.095449	0.462921	11947.533203
727.336922	1.331785	0.490930	593.975952
727.337783	1.804200	0.490930	2147.392578
727.338855	1.762698	0.490930	4037.004395
727.339868	1.704163	0.490930	5763.321289
727.340743	1.654633	0.490930	7211.125000
727.341736	1.601993	0.490930	8801.904297
727.342788	1.548256	0.490930	10430.668945
727.343703	0.769955	0.490930	11135.177734
727.344567	0.097994	0.490930	11219.844727
727.345669	0.095471	0.490930	11325.053711
727.346638	0.095295	0.490930	11417.394531
727.347521	0.095288	0.490930	11501.534180
727.348515	0.092318	0.490930	11593.298828
727.349564	0.095354	0.490930	11693.325195
727.350451	0.095394	0.490930	11777.939453
727.351319	0.095321	0.490930	11860.677734
727.352425	0.095511	0.490930	11966.313477
727.353397	0.095321	0.490930	12058.965820
728.388269	1.390232	0.458732	745.164307
728.389325	1.802168	0.458732	2648.253906
728.390245	1.755143	0.458732	4262.985352
728.391112	1.702727	0.458732	5739.250000
728.392208	1.644042	0.458732	7541.119629
728.393193	1.590937	0.458732	9108.193359
728.394087	1.546582	0.458732	10490.837891
728.395099	0.615037	0.458732	11113.254883
728.396141	0.095413	0.458732	11212.674805
728.397019	0.095391	0.458732	11296.427734
728.397899	0.095402	0.458732	11380.380859
728.398986	0.095438	0.458732	11484.122070
728.399946	0.095358	0.458732	11575.665039
728.400804	0.095281	0.458732	11657.416016
728.401824	0.095457	0.458732	11754.781250
728.402876	0.095358	0.458732	11855.097656
728.403752	0.095314	0.458732	11938.592773
728.404678	0.095376	0.458732	12026.911133
729.415832	1.398014	0.503450	703.200989
729.416749	1.805680	0.503450	2359.009521
729.417617	1.766481	0.503450	3892.314941
729.418703	1.704990	0.503450	5743.934570
729.419704	1.648678	0.503450	7394.261230
729.420587	1.601664	0.503450	8808.530273
729.421598	1.550999	0.503450	10376.589844
729.422661	0.652863	0.503450	11070.583008
729.423549	0.095896	0.503450	11155.738281
729.424407	0.095405	0.503450	11237.595703
729.425510	0.095438	0.503450	11342.864258
729.426489	0.095328	0.503450	11436.190430
729.427354	0.095314	0.503450	11518.636719
729.428387	0.095391	0.503450	11617.174805
729.429418	0.095380	0.503450	11715.510742
729.430308	0.095394	0.503450	11800.412109
729.431203	0.095468	0.503450	11885.855469
729.432288	0.095376	0.503450	11989.338867
730.467955	1.307369	0.456134	547.787781
730.469053	1.803563	0.456134	2528.100098
730.469985	1.758655	0.456134	4167.166016
730.470867	1.708012	0.456134	5673.632324
730.471864	1.652948	0.456134	7321.621582
730.472866	1.598342	0.456134	8923.160156
730.473757	1.553500	0.456134	10307.328125
730.474625	0.977703	0.456134	11155.973633
730.475703	0.098690	0.456134	11262.361328
730.476623	0.095321	0.456134	11350.056641
730.477491	0.095358	0.456134	11432.827148
730.478456	0.095394	0.456134	11524.882812
730.479474	0.095314	0.456134	11621.912109
730.480367	0.095303	0.456134	11707.017578
730.481232	0.095383	0.456134	11789.524414
730.482300	0.095409	0.456134	11891.420898
730.483239	0.095361	0.456134	11980.964844
730.484114	0.095383	0.456134	12064.424805
731.494005	1.302565	0.494624	547.077209
731.495054	1.803420	0.494624	2438.864990
731.496068	1.756366	0.494624	4219.820312
731.496968	1.704481	0.494624	5753.853516
731.497930	1.651238	0.494624	7342.344238
731.498981	1.594907	0.494624	9018.591797
731.499905	1.548706	0.494624	10449.595703
731.500773	0.829160	0.494624	11169.306641
731.501874	0.096083	0.494624	11275.093750
731.502862	0.095310	0.494624	11369.259766
731.503757	0.095354	0.494624	11454.601562
731.504750	0.095563	0.494624	11549.495117
731.505789	0.095442	0.494624	11648.659180
731.506684	0.095369	0.494624	11734.013672
731.507542	0.095398	0.494624	11815.865234
731.508653	0.095471	0.494624	11921.933594
731.509612	0.095325	0.494624	12013.349609
731.510468	0.095361	0.494624	12094.978516
732.547467	1.328782	0.437104	579.348816
732.548329	1.803332	0.437104	2133.821289
732.549391	1.764045	0.437104	4007.237305
732.550273	1.712582	0.437104	5517.734375
732.551148	1.662997	0.437104	6972.856445
732.552136	1.610317	0.437104	8563.849609
732.553062	1.561758	0.437104	10010.037109
732.553988	1.182876	0.437104	11105.379883
732.554873	0.125548	0.437104	11216.490234
732.555911	0.095369	0.437104	11315.482422
732.556795	0.095303	0.437104	11399.730469
732.557670	0.095350	0.437104	11483.162109
732.558635	0.095431	0.437104	11575.252930
732.559600	0.095328	0.437104	11667.245117
732.560526	0.095361	0.437104	11755.549805
732.561389	0.095354	0.437104	11837.839844
732.562422	0.095446	0.437104	11936.435547
732.563298	0.095391	0.437104	12019.998047
733.574213	1.346283	0.465254	673.141479
733.575267	1.802322	0.465254	2572.788574
733.576205	1.756443	0.465254	4220.332031
733.577070	1.705682	0.465254	5695.747070
733.578140	1.647187	0.465254	7458.237793
733.579153	1.592933	0.465254	9071.878906
733.580040	1.547483	0.465254	10444.496094
733.581034	0.705945	0.465254	11146.205078
733.582075	0.095592	0.465254	11245.716797
733.582986	0.095336	0.465254	11332.567383
733.583848	0.095398	0.465254	11414.800781
733.584890	0.095500	0.465254	11514.312500
733.585897	0.095372	0.465254	11610.352539
733.586791	0.095332	0.465254	11695.579102
733.587761	0.095435	0.465254	11788.150391
733.588813	0.095409	0.465254	11888.520508
733.589731	0.095413	0.465254	11976.109375
733.590592	0.095416	0.465254	12058.262695
734.627258	1.325933	0.436725	559.543579
734.628383	1.802560	0.436725	2587.423340
734.629348	1.755242	0.436725	4281.231445
734.630220	1.704404	0.436725	5767.471680
734.631279	1.645712	0.436725	7510.280273
734.632307	1.591527	0.436725	9146.370117
734.633196	1.546018	0.436725	10520.780273
734.634153	0.705293	0.436725	11195.746094
734.635199	0.095662	0.436725	11295.808594
734.636128	0.095383	0.436725	11384.419922
734.636987	0.095299	0.436725	11466.282227
734.638027	0.095526	0.436725	11565.628906
734.639053	0.095409	0.436725	11663.518555
734.639925	0.095391	0.436725	11746.699219
734.640870	0.095424	0.436725	11836.874023
734.641927	0.095522	0.436725	11937.840820
734.642855	0.095416	0.436725	12026.386719
734.643724	0.095358	0.436725	12109.252930
735.651983	1.385625	0.507446	695.583740
735.652887	1.805739	0.507446	2327.971436
735.653752	1.766444	0.507446	3855.945557
735.654860	1.704639	0.507446	5744.685059
735.655830	1.650146	0.507446	7345.327148
735.656700	1.604033	0.507446	8740.835937
735.657729	1.552354	0.507446	10338.208008
735.658777	0.707882	0.507446	11080.068359
735.659653	0.096478	0.507446	11164.583008
735.660536	0.095358	0.507446	11248.784180
735.661624	0.095464	0.507446	11352.648437
735.662578	0.095332	0.507446	11443.594727
735.663445	0.095420	0.507446	11526.324219
735.664451	0.095482	0.507446	11622.378906
735.665483	0.095493	0.507446	11720.927734
735.666375	0.095391	0.507446	11806.016602
735.667292	0.095449	0.507446	11893.543945
735.668360	0.095500	0.507446	11995.538086
736.706238	1.308032	0.421756	557.221680
736.707154	1.802194	0.421756	2208.031006
736.708241	1.759585	0.421756	4120.699707
736.709201	1.704320	0.421756	5756.846680
736.710078	1.654680	0.421756	7208.000977
736.711132	1.598965	0.421756	8893.309570
736.712149	1.547355	0.421756	10466.968750
736.713053	0.761971	0.421756	11155.791016
736.714022	0.098049	0.421756	11250.800781
736.715064	0.095479	0.421756	11350.289062
736.715981	0.095416	0.421756	11437.786133
736.716840	0.095376	0.421756	11519.713867
736.717911	0.095508	0.421756	11622.002930
736.718917	0.095413	0.421756	11717.988281
736.719796	0.095321	0.421756	11801.775391
736.720786	0.095413	0.421756	11896.233398
736.721819	0.095438	0.421756	11994.821289
736.722730	0.095416	0.421756	12081.745117
737.731756	1.423407	0.467485	752.982300
737.732661	1.805372	0.467485	2386.844238
737.733535	1.766356	0.467485	3930.639648
737.734555	1.707891	0.467485	5672.687988
737.735558	1.650875	0.467485	7328.515625
737.736454	1.603521	0.467485	8765.269531
737.737314	1.557623	0.467485	10104.825195
737.738414	0.856567	0.467485	11047.048828
737.739301	0.098811	0.467485	11134.694336
737.740178	0.095446	0.467485	11218.400391
737.741168	0.095438	0.467485	11312.883789
737.742166	0.095303	0.467485	11407.996094
737.743061	0.095321	0.467485	11493.308594
737.743922	0.095354	0.467485	11575.408203
737.745026	0.095266	0.467485	11680.582031
737.745944	0.095339	0.467485	11768.103516
737.746819	0.095358	0.467485	11851.541016
737.747803	0.095413	0.467485	11945.426758
738.786038	1.298613	0.426320	545.417542
738.786968	1.801684	0.426320	2220.984131
738.788069	1.758494	0.426320	4157.085937
738.789015	1.703485	0.426320	5768.583008
738.789885	1.654438	0.426320	7207.944336
738.790937	1.598778	0.426320	8889.859375
738.791954	1.547523	0.426320	10463.690430
738.792857	0.766256	0.426320	11155.620117
738.793829	0.098057	0.426320	11250.931641
738.794869	0.095295	0.426320	11350.039062
738.795797	0.095233	0.426320	11438.415039
738.796656	0.095325	0.426320	11520.298828
738.797735	0.095592	0.426320	11623.442383
738.798727	0.095402	0.426320	11718.081055
738.799602	0.095424	0.426320	11801.577148
738.800599	0.095544	0.426320	11896.834961
738.801640	0.095482	0.426320	11996.231445
738.802546	0.095453	0.426320	12082.711914
739.812304	1.324695	0.496618	580.216309
739.813178	1.804944	0.496618	2157.737305
739.814144	1.768813	0.496618	3866.411133
739.815173	1.709231	0.496618	5625.209961
739.816056	1.658749	0.496618	7089.885254
739.816925	1.611412	0.496618	8490.202148
739.817962	1.558821	0.496618	10106.699219
739.818909	1.064110	0.496618	11114.411133
739.819788	0.109904	0.496618	11211.016602
739.820736	0.095405	0.496618	11301.460937
739.821792	0.095295	0.496618	11402.092773
739.822684	0.095339	0.496618	11487.135742
739.823547	0.095482	0.496618	11569.537109
739.824592	0.095446	0.496618	11669.277344
739.825526	0.095358	0.496618	11758.341797
739.826401	0.095380	0.496618	11841.798828
739.827298	0.095365	0.496618	11927.340820
739.828360	0.095350	0.496618	12028.602539
740.864282	1.397809	0.439444	711.484680
740.865287	1.804054	0.439444	2524.558838
740.866168	1.761394	0.439444	4076.346924
740.867185	1.703489	0.439444	5808.794922
740.868240	1.644921	0.439444	7544.186523
740.869129	1.596639	0.439444	8963.598633
740.870012	1.550050	0.439444	10332.292969
740.871117	0.636292	0.439444	11035.395508
740.872068	0.095636	0.439444	11126.345703
740.872928	0.095449	0.439444	11208.431641
740.873946	0.095530	0.439444	11305.680664
740.874978	0.095431	0.439444	11404.165039
740.875872	0.095380	0.439444	11489.434570
740.876793	0.095380	0.439444	11577.279297
740.877855	0.095442	0.439444	11678.638672
740.878794	0.095332	0.439444	11768.155273
740.879664	0.095343	0.439444	11851.103516
740.880710	0.095581	0.439444	11951.081055
741.891214	1.443072	0.483852	826.880493
741.892153	1.804453	0.483852	2521.261963
741.893041	1.761702	0.483852	4085.653076
741.894042	1.704606	0.483852	5791.963379
741.895050	1.647286	0.483852	7452.428223
741.895938	1.600452	0.483852	8873.628906
741.896797	1.555236	0.483852	10209.576172
741.897895	0.770548	0.483852	11055.637695
741.898799	0.096877	0.483852	11143.214844
741.899674	0.095372	0.483852	11226.666016
741.900654	0.095482	0.483852	11320.238281
741.901663	0.095277	0.483852	11416.373047
741.902559	0.095369	0.483852	11501.823242
741.903423	0.095391	0.483852	11584.241211
741.904490	0.095464	0.483852	11686.101562
741.905427	0.095420	0.483852	11775.509766
741.906306	0.095314	0.483852	11859.291016
741.907258	0.095416	0.483852	11950.126953
742.943208	1.333502	0.443033	620.078491
742.944288	1.802380	0.443033	2566.649414
742.945248	1.755458	0.443033	4251.888672
742.946113	1.704851	0.443033	5726.584961
742.947167	1.646455	0.443033	7461.948730
742.948190	1.592468	0.443033	9091.043945
742.949077	1.547637	0.443033	10463.797852
742.950048	0.716832	0.443033	11159.841797
742.951095	0.095728	0.443033	11260.068359
742.952016	0.095460	0.443033	11347.987305
742.952877	0.095438	0.443033	11430.159180
742.953952	0.095493	0.443033	11532.814453
742.954960	0.095409	0.443033	11628.986328
742.955831	0.095376	0.443033	11712.058594
742.956804	0.095508	0.443033	11804.987305
742.957855	0.095416	0.443033	11905.269531
742.958767	0.095442	0.443033	11992.312500
742.959633	0.095431	0.443033	12074.956055
743.971268	1.371182	0.477194	681.477234
743.972150	1.805988	0.477194	2274.358398
743.973013	1.770725	0.477194	3802.494141
743.974055	1.710557	0.477194	5584.894043
743.975029	1.656002	0.477194	7197.840332
743.975914	1.608190	0.477194	8621.087891
743.976798	1.561245	0.477194	10001.228516
743.977902	0.950837	0.477194	11050.953125
743.978780	0.103173	0.477194	11141.539062
743.979639	0.095325	0.477194	11223.422852
743.980714	0.095427	0.477194	11326.006836
743.981672	0.095332	0.477194	11417.334961
743.982542	0.095394	0.477194	11500.328125
743.983403	0.095383	0.477194	11582.453125
743.984517	0.095380	0.477194	11688.706055
743.985420	0.095372	0.477194	11774.827148
743.986281	0.095442	0.477194	11857.002930
743.987379	0.095490	0.477194	11961.850586
745.023481	1.441187	0.443211	784.005493
745.024552	1.801699	0.443211	2713.625244
745.025430	1.755780	0.443211	4255.200195
745.026361	1.701815	0.443211	5839.589844
745.027446	1.641471	0.443211	7620.585937
745.028393	1.591688	0.443211	9127.915039
745.029260	1.547227	0.443211	10469.360352
745.030302	0.593654	0.443211	11087.947266
745.031320	0.095380	0.443211	11185.043945
745.032211	0.095405	0.443211	11270.049805
745.033152	0.095497	0.443211	11359.912109
745.034199	0.095519	0.443211	11459.919922
745.035132	0.095369	0.443211	11548.898437
745.035991	0.095442	0.443211	11630.882812
745.037042	0.095566	0.443211	11731.323242
745.038043	0.095449	0.443211	11826.868164
745.038931	0.095387	0.443211	11911.572266
745.039913	0.095544	0.443211	12005.396484
746.049083	1.311361	0.488876	557.328430
746.050108	1.803311	0.488876	2405.721680
746.051138	1.756952	0.488876	4215.382324
746.052036	1.704327	0.488876	5745.868164
746.052971	1.652025	0.488876	7290.511719
746.054041	1.595490	0.488876	8997.685547
746.054972	1.548186	0.488876	10439.046875
746.055853	0.829662	0.488876	11169.978516
746.056922	0.096376	0.488876	11273.003906
746.057923	0.095358	0.488876	11368.457031
746.058817	0.095343	0.488876	11453.693359
746.059778	0.095460	0.488876	11545.430664
746.060818	0.095387	0.488876	11644.632812
746.061729	0.095394	0.488876	11731.537109
746.062591	0.095328	0.488876	11813.709961
746.063672	0.095460	0.488876	11916.902344
746.064674	0.095365	0.488876	12012.458008
746.065549	0.095369	0.488876	12095.905273
747.104381	1.379883	0.409139	669.243164
747.105270	1.805742	0.409139	2274.548096
747.106216	1.765920	0.409139	3945.108887
747.107302	1.703668	0.409139	5795.292480
747.108214	1.651505	0.409139	7301.464844
747.109086	1.604421	0.409139	8700.520508
747.110153	1.550577	0.409139	10354.986328
747.111177	0.677527	0.409139	11048.773437
747.112067	0.096438	0.409139	11134.603516
747.113050	0.095511	0.409139	11228.491211
747.114090	0.095479	0.409139	11327.789062
747.115009	0.095369	0.409139	11415.432617
747.115872	0.095482	0.409139	11497.833984
747.116959	0.095585	0.409139	11601.734375
747.117944	0.095369	0.409139	11695.672852
747.118838	0.095369	0.409139	11780.932617
747.119816	0.095555	0.409139	11874.385742
747.120874	0.095424	0.409139	11975.343750
748.126460	1.440315	0.457531	799.374756
748.127509	1.801952	0.457531	2689.622314
748.128399	1.755659	0.457531	4252.159180
748.129289	1.702606	0.457531	5767.478516
748.130393	1.643148	0.457531	7581.514160
748.131349	1.592465	0.457531	9103.910156
748.132216	1.548680	0.457531	10446.616211
748.133276	0.606885	0.457531	11089.914062
748.134305	0.095372	0.457531	11188.051758
748.135186	0.095398	0.457531	11272.097656
748.136136	0.095391	0.457531	11362.718750
748.137194	0.095369	0.457531	11463.619141
748.138123	0.095321	0.457531	11552.172852
748.138977	0.095446	0.457531	11633.683594
748.140011	0.095511	0.457531	11732.442383
748.141024	0.095365	0.457531	11829.046875
748.141918	0.095336	0.457531	11914.277344
748.142882	0.095387	0.457531	12006.230469
749.185893	1.332140	0.389574	622.109314
749.186962	1.802238	0.389574	2548.701416
749.187926	1.755912	0.389574	4241.400391
749.188798	1.704935	0.389574	5728.104004
749.189826	1.647173	0.389574	7421.397461
749.190863	1.592497	0.389574	9072.817383
749.191764	1.547153	0.389574	10466.802734
749.192731	0.705267	0.389574	11148.795898
749.193779	0.095500	0.389574	11248.880859
749.194708	0.095237	0.389574	11337.355469
749.195625	0.095306	0.389574	11424.750977
749.196507	0.095273	0.389574	11508.782227
749.197439	0.095266	0.389574	11597.570312
749.198377	0.095325	0.389574	11686.985352
749.199280	0.095219	0.389574	11772.967773
749.200141	0.095317	0.389574	11855.036133
749.201184	0.095237	0.389574	11954.368164
749.202066	0.095288	0.389574	12038.412109
750.204202	1.369127	0.453092	629.798462
750.205081	1.805555	0.453092	2216.881592
750.206071	1.765961	0.453092	3965.182617
750.207115	1.704957	0.453092	5745.158203
750.208031	1.653307	0.453092	7259.587402
750.208892	1.605703	0.453092	8642.097656
750.209989	1.551621	0.453092	10344.225586
750.210994	0.733630	0.453092	11081.524414
750.211877	0.097185	0.453092	11167.338867
750.212888	0.095471	0.453092	11263.860352
750.213936	0.095262	0.453092	11363.695312
750.214806	0.095321	0.453092	11446.625000
750.215673	0.095343	0.453092	11529.287109
750.216768	0.095358	0.453092	11633.704102
750.217738	0.095288	0.453092	11726.133789
750.218606	0.095215	0.453092	11808.780273
750.219629	0.095398	0.453092	11906.372070
750.220672	0.095369	0.453092	12005.841797
751.266700	1.351128	0.383362	686.372986
751.267681	1.805024	0.383362	2457.101807
751.268604	1.761149	0.383362	4082.642090
751.269483	1.709799	0.383362	5585.555176
751.270510	1.653365	0.383362	7283.561523
751.271418	1.604004	0.383362	8739.997070
751.272304	1.558766	0.383362	10121.063477
751.273196	1.046466	0.383362	11054.511719
751.274239	0.101199	0.383362	11160.061523
751.275123	0.095303	0.383362	11244.309570
751.275991	0.095383	0.383362	11327.102539
751.277000	0.095486	0.383362	11423.447266
751.277903	0.095339	0.383362	11509.539062
751.278818	0.095339	0.383362	11596.774414
751.279695	0.095369	0.383362	11680.413086
751.280724	0.095420	0.383362	11778.600586
751.281604	0.095317	0.383362	11862.479492
751.282485	0.095376	0.383362	11946.505859
752.284993	1.312460	0.453938	559.107849
752.285997	1.802424	0.453938	2368.741943
752.287039	1.758113	0.453938	4200.695312
752.287936	1.705162	0.453938	5730.225586
752.288800	1.654614	0.453938	7159.812500
752.289902	1.598210	0.453938	8921.040039
752.290862	1.549783	0.453938	10408.832031
752.291731	0.887585	0.453938	11180.143555
752.292811	0.097233	0.453938	11285.155273
752.293842	0.095336	0.453938	11383.446289
752.294723	0.095449	0.453938	11467.537109
752.295655	0.095460	0.453938	11556.505859
752.296711	0.095468	0.453938	11657.319336
752.297646	0.095383	0.453938	11746.502930
752.298505	0.095394	0.453938	11828.446289
752.299536	0.095522	0.453938	11926.929687
752.300561	0.095398	0.453938	12024.712891
752.301452	0.095387	0.453938	12109.703125
753.342753	1.365575	0.408064	719.658020
753.343788	1.803105	0.408064	2585.872070
753.344678	1.759109	0.408064	4151.479004
753.345542	1.707708	0.408064	5626.938477
753.346590	1.649004	0.408064	7355.094727
753.347546	1.598719	0.408064	8883.470703
753.348426	1.554163	0.408064	10251.133789
753.349382	0.891555	0.408064	11103.460937
753.350422	0.096962	0.408064	11204.300781
753.351320	0.095314	0.408064	11289.892578
753.352185	0.095339	0.408064	11372.361328
753.353239	0.095475	0.408064	11472.992187
753.354191	0.095321	0.408064	11563.738281
753.355065	0.095321	0.408064	11647.048828
753.355985	0.095449	0.408064	11734.862305
753.357037	0.095325	0.408064	11835.143555
753.357913	0.095354	0.408064	11918.673828
753.358772	0.095380	0.408064	12000.604492
754.365614	1.381135	0.438312	747.194153
754.366665	1.801739	0.438312	2640.822266
754.367588	1.754766	0.438312	4260.470703
754.368452	1.702837	0.438312	5731.721680
754.369540	1.644316	0.438312	7520.737793
754.370547	1.590579	0.438312	9122.450195
754.371436	1.545923	0.438312	10496.775391
754.372439	0.616252	0.438312	11114.876953
754.373478	0.095380	0.438312	11213.976562
754.374358	0.095405	0.438312	11297.933594
754.375225	0.095486	0.438312	11380.719727
754.376315	0.095431	0.438312	11484.739258
754.377290	0.095284	0.438312	11577.641602
754.378155	0.095310	0.438312	11660.084961
754.379217	0.095427	0.438312	11761.428711
754.380253	0.095336	0.438312	11860.196289
754.381143	0.095358	0.438312	11945.064453
754.382052	0.095424	0.438312	12031.804687
755.421380	1.312855	0.393050	565.840637
755.422242	1.802849	0.393050	2119.896729
755.423340	1.762141	0.393050	4054.727539
755.424257	1.708594	0.393050	5621.507812
755.425131	1.656907	0.393050	7069.644531
755.426250	1.599265	0.393050	8859.222656
755.427230	1.550076	0.393050	10378.296875
755.428098	0.908965	0.393050	11167.278320
755.429129	0.098390	0.393050	11268.718750
755.430156	0.095449	0.393050	11366.745117
755.431048	0.095413	0.393050	11451.853516
755.431970	0.095383	0.393050	11539.796875
755.433030	0.095453	0.393050	11640.976562
755.433989	0.095383	0.393050	11732.449219
755.434855	0.095409	0.393050	11815.073242
755.435892	0.095526	0.393050	11914.133789
755.436909	0.095365	0.393050	12011.120117
755.437796	0.095358	0.393050	12095.702148
756.446507	1.415336	0.441507	744.466553
756.447411	1.805596	0.441507	2376.725098
756.448275	1.765331	0.441507	3901.970947
756.449368	1.704082	0.441507	5764.532715
756.450370	1.647675	0.441507	7415.502930
756.451254	1.600767	0.441507	8830.581055
756.452270	1.550251	0.441507	10405.636719
756.453323	0.643901	0.441507	11083.665039
756.454202	0.095933	0.441507	11167.990234
756.455064	0.095354	0.441507	11250.185547
756.456171	0.095500	0.441507	11355.904297
756.457135	0.095394	0.441507	11447.864258
756.458001	0.095464	0.441507	11530.536133
756.459027	0.095537	0.441507	11628.557617
756.460058	0.095394	0.441507	11726.909180
756.460947	0.095328	0.441507	11811.656250
756.461874	0.095328	0.441507	11900.025391
756.462941	0.095431	0.441507	12001.850586
757.499164	1.395212	0.411121	707.372681
757.500184	1.803746	0.411121	2547.193848
757.501061	1.748727	0.411121	4080.827148
757.502054	1.692671	0.411121	5761.649414
757.503109	1.644694	0.411121	7496.801270
757.504022	1.596281	0.411121	8954.205078
757.504890	1.549889	0.411121	10299.508789
757.505985	0.630190	0.411121	10989.567383
757.506951	0.095416	0.411121	11081.739258
757.507834	0.095354	0.411121	11165.936523
757.508833	0.095405	0.411121	11261.246094
757.509894	0.095383	0.411121	11362.448242
757.510777	0.095284	0.411121	11446.583984
757.511657	0.095409	0.411121	11530.543945
757.512744	0.095380	0.411121	11634.221680
757.513709	0.095303	0.411121	11726.188477
757.514567	0.095380	0.411121	11808.024414
757.515602	0.095427	0.411121	11906.791992
758.526579	1.365048	0.441591	656.587891
758.527467	1.805823	0.441591	2260.158447
758.528345	1.770136	0.441591	3814.337402
758.529301	1.715508	0.441591	5454.362793
758.530292	1.659573	0.441591	7098.999512
758.531216	1.609801	0.441591	8586.456055
758.532088	1.564757	0.441591	9950.923828
758.533163	1.047023	0.441591	11076.473633
758.534040	0.109816	0.441591	11172.782227
758.534905	0.095240	0.441591	11255.165039
758.535800	0.095372	0.441591	11340.523437
758.536842	0.095266	0.441591	11439.791016
758.537736	0.095204	0.441591	11524.903320
758.538614	0.095354	0.441591	11608.624023
758.539612	0.095475	0.441591	11703.908203
758.540541	0.095343	0.441591	11792.481445
758.541462	0.095317	0.441591	11880.268555
758.542327	0.095361	0.441591	11962.755859
759.579899	1.389474	0.388611	661.389587
759.580785	1.806094	0.388611	2261.588623
759.581765	1.764807	0.388611	3991.099609
759.582819	1.703445	0.388611	5786.530273
759.583737	1.651930	0.388611	7303.001953
759.584606	1.603795	0.388611	8696.700195
759.585705	1.549633	0.388611	10399.746094
759.586700	0.682518	0.388611	11078.851562
759.587599	0.096284	0.388611	11165.411133
759.588579	0.095398	0.388611	11258.901367
759.589624	0.095394	0.388611	11358.588867
759.590531	0.095281	0.388611	11445.008789
759.591392	0.095391	0.388611	11527.139648
759.592481	0.095369	0.388611	11630.996094
759.593454	0.095273	0.388611	11723.697266
759.594315	0.095284	0.388611	11805.737305
759.595400	0.095409	0.388611	11909.255859
759.596431	0.095427	0.388611	12007.641602
760.602589	1.392048	0.456653	705.768494
760.603518	1.805230	0.456653	2382.826660
760.604402	1.765682	0.456653	3943.689941
760.605374	1.709729	0.456653	5605.546387
760.606416	1.650901	0.456653	7325.785156
760.607318	1.602773	0.456653	8771.486328
760.608188	1.557045	0.456653	10126.115234
760.609256	0.853711	0.456653	11037.878906
760.610205	0.097665	0.456653	11130.562500
760.611083	0.095361	0.456653	11214.290039
760.612028	0.095402	0.456653	11304.444336
760.613061	0.095372	0.456653	11402.963867
760.613935	0.095427	0.456653	11486.367187
760.614793	0.095310	0.456653	11568.143555
760.615853	0.095446	0.456653	11669.315430
760.616791	0.095251	0.456653	11758.661133
760.617659	0.095354	0.456653	11841.428711
760.618586	0.095486	0.456653	11929.944336
761.661836	1.452858	0.364912	812.147461
761.662874	1.802358	0.364912	2682.995605
761.663762	1.756648	0.364912	4242.898926
761.664678	1.702573	0.364912	5802.456055
761.665760	1.643485	0.364912	7580.707031
761.666713	1.592813	0.364912	9098.657227
761.667576	1.548355	0.364912	10434.886719
761.668610	0.625144	0.364912	11081.285156
761.669640	0.095365	0.364912	11179.510742
761.670529	0.095317	0.364912	11264.248047
761.671471	0.095453	0.364912	11354.165039
761.672527	0.095482	0.364912	11454.994141
761.673451	0.095354	0.364912	11543.101562
761.674321	0.095369	0.364912	11626.072266
761.675393	0.095526	0.364912	11728.476562
761.676399	0.095376	0.364912	11824.424805
761.677295	0.095317	0.364912	11909.829102
761.678261	0.095482	0.364912	12002.064453
762.681086	1.309926	0.427810	556.718384
762.681947	1.802864	0.427810	2108.983887
762.682999	1.764840	0.427810	3965.595703
762.683890	1.713062	0.427810	5491.933594
762.684778	1.663436	0.427810	6969.064941
762.685782	1.610116	0.427810	8585.621094
762.686724	1.561271	0.427810	10056.337891
762.687607	1.210789	0.427810	11125.463867
762.688612	0.130822	0.427810	11256.939453
762.689611	0.095343	0.427810	11352.187500
762.690496	0.095398	0.427810	11436.614258
762.691351	0.095471	0.427810	11518.242187
762.692426	0.095424	0.427810	11620.822266
762.693341	0.095402	0.427810	11708.114258
762.694225	0.095350	0.427810	11792.404297
762.695197	0.095511	0.427810	11885.241211
762.696202	0.095391	0.427810	11981.108398
762.697094	0.095394	0.427810	12066.200195
763.742352	1.390906	0.364175	703.798279
763.743273	1.805702	0.364175	2366.849609
763.744141	1.766309	0.364175	3900.005371
763.745223	1.704547	0.364175	5744.325195
763.746236	1.647352	0.364175	7413.093262
763.747138	1.599661	0.364175	8855.987305
763.748124	1.550273	0.364175	10384.556641
763.749181	0.634156	0.364175	11054.860352
763.750092	0.095793	0.364175	11142.127930
763.750952	0.095482	0.364175	11224.242187
763.752048	0.095497	0.364175	11328.906250
763.753019	0.095409	0.364175	11421.547852
763.753885	0.095431	0.364175	11504.191406
763.754968	0.095511	0.364175	11607.629883
763.755998	0.095383	0.364175	11705.875000
763.756894	0.095471	0.364175	11791.416992
763.757813	0.095446	0.364175	11879.131836
763.758860	0.095471	0.364175	11979.089844
764.759517	1.364747	0.427408	618.230530
764.760402	1.805552	0.427408	2216.143799
764.761405	1.765276	0.427408	3986.715332
764.762450	1.704565	0.427408	5767.986328
764.763347	1.653589	0.427408	7251.255859
764.764210	1.605026	0.427408	8636.392578
764.765315	1.551453	0.427408	10350.748047
764.766279	0.809967	0.427408	11131.556641
764.767140	0.098903	0.427408	11216.711914
764.768207	0.095500	0.427408	11318.611328
764.769232	0.095402	0.427408	11416.398437
764.770101	0.095226	0.427408	11499.149414
764.770984	0.095328	0.427408	11583.324219
764.772067	0.095475	0.427408	11686.723633
764.773019	0.095380	0.427408	11777.525391
764.773882	0.095336	0.427408	11859.799805
764.774904	0.095479	0.427408	11957.378906
764.775936	0.095460	0.427408	12055.893555
765.821610	1.406645	0.363595	721.609070
765.822618	1.804248	0.363595	2540.291016
765.823516	1.760068	0.363595	4120.832520
765.824500	1.703668	0.363595	5797.242187
765.825553	1.645005	0.363595	7529.432617
765.826466	1.595874	0.363595	8986.465820
765.827331	1.550764	0.363595	10327.876953
765.828433	0.640847	0.363595	11034.090820
765.829416	0.095490	0.363595	11127.957031
765.830295	0.095350	0.363595	11211.769531
765.831297	0.095486	0.363595	11307.446289
765.832349	0.095471	0.363595	11407.881836
765.833232	0.095347	0.363595	11492.073242
765.834095	0.095424	0.363595	11574.423828
765.835188	0.095479	0.363595	11678.782227
765.836155	0.095372	0.363595	11771.006836
765.837022	0.095365	0.363595	11853.688477
765.838078	0.095457	0.363595	11954.490234
766.839693	1.331920	0.443291	584.712952
766.840562	1.803783	0.443291	2152.200439
766.841643	1.761643	0.443291	4056.536621
766.842644	1.703082	0.443291	5761.321777
766.843542	1.653666	0.443291	7246.313477
766.844535	1.600884	0.443291	8835.991211
766.845594	1.547805	0.443291	10475.117187
766.846496	0.760137	0.443291	11160.760742
766.847360	0.098016	0.443291	11245.447266
766.848460	0.095504	0.443291	11350.501953
766.849430	0.095336	0.443291	11442.977539
766.850296	0.095306	0.443291	11525.512695
766.851367	0.095497	0.443291	11627.790039
766.852389	0.095391	0.443291	11725.279297
766.853282	0.095350	0.443291	11810.426758
766.854194	0.095522	0.443291	11897.542969
766.855249	0.095438	0.443291	11998.230469
766.856187	0.095376	0.443291	12087.693359
767.899465	1.320795	0.376296	578.508057
767.900341	1.805310	0.376296	2159.959473
767.901306	1.769531	0.376296	3867.557129
767.902324	1.709875	0.376296	5608.210449
767.903211	1.659294	0.376296	7080.004883
767.904075	1.612105	0.376296	8472.863281
767.905140	1.558411	0.376296	10132.570312
767.906093	1.041434	0.376296	11125.057617
767.906964	0.109281	0.376296	11220.241211
767.907890	0.095376	0.376296	11308.559570
767.908959	0.095303	0.376296	11410.438477
767.909835	0.095277	0.376296	11493.901367
767.910700	0.095354	0.376296	11576.382812
767.911726	0.095431	0.376296	11674.294922
767.912681	0.095365	0.376296	11765.368164
767.913580	0.095391	0.376296	11851.124023
767.914503	0.095394	0.376296	11939.172852
767.915567	0.095365	0.376296	12040.641602
768.920442	1.317451	0.436189	554.646973
768.921524	1.802622	0.436189	2505.083984
768.922509	1.756238	0.436189	4234.978027
768.923379	1.705499	0.436189	5718.762695
768.924465	1.645056	0.436189	7505.293945
768.925506	1.590505	0.436189	9161.009766
768.926398	1.544996	0.436189	10539.146484
768.927343	0.688832	0.436189	11190.092773
768.928410	0.095482	0.436189	11291.972656
768.929348	0.095339	0.436189	11381.401367
768.930217	0.095336	0.436189	11464.248047
768.931267	0.095493	0.436189	11564.515625
768.932273	0.095306	0.436189	11660.393555
768.933165	0.095409	0.436189	11745.498047
768.934130	0.095424	0.436189	11837.582031
768.935173	0.095361	0.436189	11937.043945
768.936103	0.095339	0.436189	12025.709961
768.936963	0.095405	0.436189	12107.758789
769.977206	1.302671	0.378874	545.819092
769.978267	1.803508	0.378874	2459.341309
769.979221	1.759552	0.378874	4137.954102
769.980107	1.707649	0.378874	5650.931152
769.981045	1.655193	0.378874	7203.501953
769.982097	1.599635	0.378874	8886.318359
769.983007	1.552694	0.378874	10299.269531
769.983885	0.982280	0.378874	11161.711914
769.984936	0.098969	0.378874	11265.727539
769.985870	0.095376	0.378874	11354.808594
769.986745	0.095281	0.378874	11438.179687
769.987674	0.095365	0.378874	11526.773437
769.988748	0.095416	0.378874	11629.250977
769.989627	0.095435	0.378874	11713.137695
769.990491	0.095310	0.378874	11795.485352
769.991510	0.095460	0.378874	11892.759766
769.992474	0.095325	0.378874	11984.652344
769.993351	0.095321	0.378874	12068.249023
771.000185	1.323746	0.426368	562.592163
771.001282	1.802476	0.426368	2539.907715
771.002277	1.753960	0.426368	4285.097656
771.003167	1.702613	0.426368	5800.423828
771.004164	1.647440	0.426368	7442.921875
771.005226	1.591670	0.426368	9133.275391
771.006123	1.545776	0.426368	10519.836914
771.007024	0.726266	0.426368	11174.202148
771.008113	0.095526	0.426368	11278.230469
771.009067	0.095380	0.426368	11369.222656
771.009930	0.095424	0.426368	11451.573242
771.010962	0.095317	0.426368	11549.940430
771.011987	0.095292	0.426368	11647.614258
771.012884	0.095347	0.426368	11733.140625
771.013826	0.095449	0.426368	11823.053711
771.014880	0.095504	0.426368	11923.714844
771.015813	0.095310	0.426368	12012.638672
771.016671	0.095409	0.426368	12094.500000
772.055408	1.367095	0.367841	632.964844
772.056296	1.805277	0.367841	2236.050781
772.057180	1.770388	0.367841	3801.073975
772.058181	1.713105	0.367841	5515.892578
772.059108	1.659507	0.367841	7054.255371
772.060025	1.610848	0.367841	8531.403320
772.060898	1.565431	0.367841	9898.024414
772.061929	1.143311	0.367841	11076.777344
772.062832	0.116755	0.367841	11182.207031
772.063705	0.095277	0.367841	11265.383789
772.064667	0.095365	0.367841	11357.125000
772.065633	0.095365	0.367841	11449.248047
772.066557	0.095369	0.367841	11537.369141
772.067420	0.095347	0.367841	11619.653320
772.068462	0.095405	0.367841	11719.065430
772.069336	0.095325	0.367841	11802.378906
772.070203	0.095387	0.367841	11885.079102
772.071225	0.095486	0.367841	11982.666016
773.080432	1.382190	0.411794	751.911316
773.081493	1.801212	0.411794	2662.997559
773.082414	1.754117	0.411794	4278.540039
773.083282	1.701749	0.411794	5755.658203
773.084374	1.643159	0.411794	7549.988281
773.085359	1.590981	0.411794	9117.105469
773.086243	1.545989	0.411794	10483.759766
773.087259	0.619801	0.411794	11113.477539
773.088289	0.095413	0.411794	11211.752930
773.089175	0.095288	0.411794	11296.177734
773.090042	0.095413	0.411794	11378.900391
773.091146	0.095504	0.411794	11484.336914
773.092106	0.095292	0.411794	11575.817383
773.092977	0.095328	0.411794	11658.848633
773.094001	0.095508	0.411794	11756.648437
773.095058	0.095306	0.411794	11857.387695
773.095946	0.095358	0.411794	11942.065430
773.096857	0.095409	0.411794	12028.983398
774.134760	1.419906	0.355526	752.550171
774.135684	1.805200	0.355526	2420.555176
774.136567	1.765144	0.355526	3979.177246
774.137554	1.708140	0.355526	5665.111328
774.138549	1.651406	0.355526	7308.260742
774.139452	1.603491	0.355526	8756.212891
774.140315	1.558015	0.355526	10100.780273
774.141416	0.850851	0.355526	11037.567383
774.142315	0.098789	0.355526	11126.378906
774.143182	0.095343	0.355526	11209.041016
774.144173	0.095468	0.355526	11303.649414
774.145166	0.095306	0.355526	11398.289062
774.146047	0.095361	0.355526	11482.302734
774.146907	0.095295	0.355526	11564.256836
774.147984	0.095332	0.355526	11666.929687
774.148910	0.095317	0.355526	11755.193359
774.149786	0.095343	0.355526	11838.713867
774.150740	0.095530	0.355526	11929.849609
775.160659	1.387240	0.402053	689.458313
775.161669	1.803669	0.402053	2511.164307
775.162565	1.760372	0.402053	4088.458008
775.163532	1.704880	0.402053	5737.077148
775.164597	1.645324	0.402053	7489.346680
775.165523	1.595951	0.402053	8967.197266
775.166393	1.550317	0.402053	10315.973633
775.167493	0.631663	0.402053	11010.802734
775.168478	0.095372	0.402053	11104.744141
775.169374	0.095266	0.402053	11190.102539
775.170364	0.095416	0.402053	11284.564453
775.171419	0.095310	0.402053	11385.116211
775.172323	0.095266	0.402053	11471.236328
775.173184	0.095365	0.402053	11553.345703
775.174292	0.095361	0.402053	11659.005859
775.175246	0.095233	0.402053	11749.858398
775.176107	0.095251	0.402053	11831.870117
775.177177	0.095413	0.402053	11933.961914
776.212665	1.300521	0.364546	547.519470
776.213549	1.801908	0.364546	2140.406006
776.214675	1.760376	0.364546	4122.589355
776.215579	1.707308	0.364546	5665.996094
776.216443	1.658456	0.364546	7098.901855
776.217489	1.602414	0.364546	8775.027344
776.218465	1.553104	0.364546	10290.857422
776.219350	0.983053	0.364546	11160.859375
776.220228	0.105718	0.364546	11253.679687
776.221315	0.095413	0.364546	11357.393555
776.222213	0.095350	0.364546	11443.018555
776.223075	0.095416	0.364546	11525.267578
776.224153	0.095566	0.364546	11628.288086
776.225115	0.095310	0.364546	11719.976562
776.226004	0.095325	0.364546	11804.720703
776.226860	0.095405	0.364546	11886.387695
776.227971	0.095500	0.364546	11992.488281
776.228843	0.095376	0.364546	12075.656250
777.239354	1.310724	0.400639	557.057678
777.240385	1.803219	0.400639	2416.176514
777.241422	1.755542	0.400639	4236.673828
777.242319	1.703602	0.400639	5764.805176
777.243286	1.650377	0.400639	7360.719727
777.244343	1.593823	0.400639	9045.390625
777.245268	1.547139	0.400639	10476.494141
777.246137	0.806693	0.400639	11177.510742
777.247211	0.096163	0.400639	11280.790039
777.248204	0.095453	0.400639	11375.575195
777.249095	0.095299	0.400639	11460.486328
777.250072	0.095522	0.400639	11553.811523
777.251120	0.095424	0.400639	11653.815430
777.252032	0.095376	0.400639	11740.797852
777.252896	0.095380	0.400639	11823.206055
777.253987	0.095457	0.400639	11927.349609
777.254972	0.095343	0.400639	12021.262695
777.255851	0.095409	0.400639	12105.126953
778.292736	1.306018	0.379060	556.363708
778.293727	1.801611	0.379060	2341.760498
778.294733	1.759980	0.379060	4112.300781
778.295622	1.708290	0.379060	5630.970703
778.296483	1.658265	0.379060	7058.737305
778.297558	1.602708	0.379060	8781.647461
778.298477	1.554968	0.379060	10210.663086
778.299364	1.059858	0.379060	11150.757812
778.300337	0.110720	0.379060	11258.488281
778.301352	0.095277	0.379060	11355.194336
778.302247	0.095292	0.379060	11440.480469
778.303106	0.095270	0.379060	11522.317383
778.304167	0.095431	0.379060	11623.569336
778.305102	0.095295	0.379060	11712.670898
778.305976	0.095295	0.379060	11795.958984
778.306931	0.095435	0.379060	11887.098633
778.307954	0.095284	0.379060	11984.574219
778.308838	0.095266	0.379060	12068.789062
779.319033	1.302876	0.412749	548.510742
779.320041	1.802703	0.412749	2365.634766
779.321078	1.757622	0.412749	4188.289062
779.321975	1.705239	0.412749	5717.888672
779.322896	1.653171	0.412749	7240.459473
779.323978	1.595980	0.412749	8967.310547
779.324933	1.547699	0.412749	10445.363281
779.325808	0.831845	0.412749	11173.227539
779.326860	0.096599	0.412749	11274.849609
779.327875	0.095361	0.412749	11371.641602
779.328772	0.095255	0.412749	11457.085937
779.329716	0.095431	0.412749	11547.172852
779.330749	0.095380	0.412749	11645.700195
779.331674	0.095281	0.412749	11733.834961
779.332531	0.095431	0.412749	11815.619141
779.333600	0.095482	0.412749	11917.689453
779.334605	0.095343	0.412749	12013.508789
779.335481	0.095416	0.412749	12097.093750
780.371962	1.309541	0.356574	556.554932
780.372914	1.801641	0.356574	2271.716797
780.373975	1.758981	0.356574	4137.995117
780.374916	1.704441	0.356574	5741.874023
780.375787	1.655065	0.356574	7183.435547
780.376860	1.598533	0.356574	8898.661133
780.377868	1.547197	0.356574	10458.236328
780.378770	0.775320	0.356574	11157.575195
780.379740	0.098101	0.356574	11252.732422
780.380785	0.095398	0.356574	11352.422852
780.381706	0.095325	0.356574	11440.216797
780.382571	0.095435	0.356574	11522.767578
780.383641	0.095449	0.356574	11624.898437
780.384635	0.095310	0.356574	11719.636719
780.385516	0.095376	0.356574	11803.663086
780.386527	0.095424	0.356574	11900.136719
780.387574	0.095424	0.356574	12000.044922
780.388460	0.095317	0.356574	12084.496094
781.396816	1.391158	0.412805	698.361572
781.397808	1.803706	0.412805	2487.637939
781.398711	1.760933	0.412805	4077.760254
781.399697	1.704104	0.412805	5758.006836
781.400749	1.645726	0.412805	7489.311035
781.401661	1.596588	0.412805	8945.399414
781.402528	1.550768	0.412805	10289.915039
781.403648	0.631758	0.412805	10997.483398
781.404612	0.095350	0.412805	11089.401367
781.405478	0.095380	0.412805	11172.000000
781.406534	0.095559	0.412805	11272.910156
781.407562	0.095438	0.412805	11371.020508
781.408448	0.095383	0.412805	11455.530273
781.409361	0.095500	0.412805	11542.722656
781.410421	0.095486	0.412805	11643.937500
781.411364	0.095376	0.412805	11733.876953
781.412222	0.095402	0.412805	11815.731445
781.413263	0.095563	0.412805	11915.211914
782.452907	1.400764	0.342261	753.611145
782.453981	1.801066	0.342261	2687.955811
782.454894	1.753817	0.342261	4289.190918
782.455765	1.700947	0.342261	5770.715820
782.456879	1.641387	0.342261	7599.220703
782.457850	1.590593	0.342261	9143.686523
782.458724	1.546256	0.342261	10495.114258
782.459769	0.557794	0.342261	11078.008789
782.460813	0.095354	0.342261	11177.558594
782.461703	0.095321	0.342261	11262.394531
782.462615	0.095343	0.342261	11349.347656
782.463694	0.095292	0.342261	11452.166992
782.464640	0.095336	0.342261	11542.354492
782.465502	0.095339	0.342261	11624.537109
782.466560	0.095541	0.342261	11725.619141
782.467579	0.095328	0.342261	11822.758789
782.468456	0.095365	0.342261	11906.393555
782.469416	0.095493	0.342261	11998.067383
783.475704	1.322439	0.407463	555.424377
783.476821	1.802197	0.407463	2568.478760
783.477784	1.755890	0.407463	4259.400879
783.478646	1.705276	0.407463	5729.348633
783.479672	1.647913	0.407463	7420.106934
783.480718	1.592509	0.407463	9085.871094
783.481617	1.546666	0.407463	10476.324219
783.482570	0.732195	0.407463	11174.105469
783.483628	0.095581	0.407463	11275.230469
783.484563	0.095321	0.407463	11364.355469
783.485429	0.095288	0.407463	11446.875000
783.486475	0.095468	0.407463	11546.734375
783.487490	0.095310	0.407463	11643.473633
783.488379	0.095336	0.407463	11728.227539
783.489336	0.095460	0.407463	11819.583008
783.490393	0.095336	0.407463	11920.352539
783.491323	0.095277	0.407463	12008.959961
783.492186	0.095347	0.407463	12091.244141
784.531898	1.301400	0.347884	550.492249
784.532817	1.801688	0.347884	2206.243652
784.533910	1.760585	0.347884	4130.562500
784.534802	1.707792	0.347884	5653.912598
784.535663	1.658947	0.347884	7082.265625
784.536684	1.603894	0.347884	8719.841797
784.537649	1.554598	0.347884	10220.029297
784.538534	1.051923	0.347884	11150.980469
784.539420	0.110786	0.347884	11249.136719
784.540507	0.095347	0.347884	11352.778320
784.541403	0.095222	0.347884	11438.097656
784.542268	0.095273	0.347884	11520.508789
784.543328	0.095482	0.347884	11621.719727
784.544295	0.095332	0.347884	11713.906250
784.545180	0.095255	0.347884	11798.207031
784.546037	0.095336	0.347884	11879.910156
784.547153	0.095394	0.347884	11986.370117
784.548042	0.095347	0.347884	12071.133789
785.553611	1.383662	0.409167	694.598389
785.554515	1.805522	0.409167	2326.790527
785.555376	1.766880	0.409167	3848.074219
785.556452	1.705745	0.409167	5683.455566
785.557455	1.649227	0.409167	7337.630371
785.558355	1.602165	0.409167	8779.579102
785.559347	1.552288	0.409167	10319.448242
785.560413	0.688590	0.409167	11053.485352
785.561303	0.096189	0.409167	11139.093750
785.562183	0.095376	0.409167	11223.024414
785.563272	0.095453	0.409167	11326.972656
785.564231	0.095383	0.409167	11418.445312
785.565101	0.095354	0.409167	11501.403320
785.566178	0.095420	0.409167	11604.170898
785.567206	0.095409	0.409167	11702.250977
785.568099	0.095288	0.409167	11787.342773
785.569031	0.095405	0.409167	11876.260742
785.570097	0.095504	0.409167	11978.068359
786.613512	1.382106	0.342052	693.817078
786.614416	1.805409	0.342052	2325.906738
786.615289	1.766041	0.342052	3867.660645
786.616386	1.704397	0.342052	5737.384277
786.617380	1.648385	0.342052	7375.878906
786.618276	1.601609	0.342052	8810.919922
786.619277	1.550709	0.342052	10363.179687
786.620331	0.661948	0.342052	11060.873047
786.621221	0.095947	0.342052	11146.265625
786.622113	0.095442	0.342052	11231.399414
786.623193	0.095435	0.342052	11334.468750
786.624154	0.095277	0.342052	11426.030273
786.625022	0.095295	0.342052	11508.747070
786.626051	0.095387	0.342052	11606.900391
786.627072	0.095343	0.342052	11704.246094
786.627955	0.095328	0.342052	11788.420898
786.628884	0.095431	0.342052	11877.076172
786.629933	0.095402	0.342052	11977.152344
787.632445	1.416874	0.411045	787.781860
787.633507	1.801084	0.411045	2700.532959
787.634402	1.754429	0.411045	4270.746582
787.635271	1.701328	0.411045	5749.200684
787.636363	1.643719	0.411045	7544.142578
787.637332	1.592497	0.411045	9087.272461
787.638195	1.548270	0.411045	10423.429687
787.639256	0.593990	0.411045	11053.653320
787.640321	0.095325	0.411045	11155.173828
787.641199	0.095321	0.411045	11238.865234
787.642135	0.095387	0.411045	11328.147461
787.643193	0.095325	0.411045	11429.000977
787.644126	0.095387	0.411045	11517.997070
787.644996	0.095219	0.411045	11600.836914
787.646038	0.095365	0.411045	11700.207031
787.647055	0.095339	0.411045	11797.166992
787.647948	0.095229	0.411045	11882.207031
787.648890	0.095394	0.411045	11972.068359
788.693011	1.394678	0.347929	707.101624
788.693963	1.805303	0.347929	2425.749756
788.694833	1.764661	0.347929	3961.004395
788.695878	1.704155	0.347929	5741.846680
788.696910	1.646880	0.347929	7441.426758
788.697815	1.598936	0.347929	8888.463867
788.698773	1.551057	0.347929	10374.376953
788.699828	0.648263	0.347929	11058.293945
788.700770	0.095592	0.347929	11148.341797
788.701631	0.095328	0.347929	11230.419922
788.702680	0.095383	0.347929	11330.476562
788.703670	0.095284	0.347929	11424.808594
788.704550	0.095369	0.347929	11508.733398
788.705522	0.095354	0.347929	11601.417969
788.706574	0.095387	0.347929	11701.764648
788.707483	0.095292	0.347929	11788.384766
788.708339	0.095347	0.347929	11870.001953
788.709406	0.095442	0.347929	11971.838867
789.710479	1.318407	0.435911	582.735840
789.711349	1.804651	0.435911	2152.782227
789.712386	1.764130	0.435911	3982.184570
789.713420	1.704741	0.435911	5744.886719
789.714316	1.654043	0.435911	7226.909180
789.715254	1.604070	0.435911	8731.526367
789.716318	1.550010	0.435911	10380.736328
789.717263	0.786574	0.435911	11124.048828
789.718123	0.098610	0.435911	11208.853516
789.719172	0.095519	0.435911	11309.052734
789.720186	0.095402	0.435911	11405.790039
789.721062	0.095391	0.435911	11489.352539
789.722010	0.095442	0.435911	11579.831055
789.723077	0.095435	0.435911	11681.660156
789.723990	0.095460	0.435911	11768.815430
789.724855	0.095383	0.435911	11851.322266
789.725900	0.095500	0.435911	11951.120117
789.726907	0.095405	0.435911	12047.193359
790.771932	1.372255	0.342217	716.316895
790.772990	1.801439	0.342217	2622.239502
790.773920	1.754290	0.342217	4253.728516
790.774794	1.702584	0.342217	5741.787109
790.775874	1.643357	0.342217	7516.612305
790.776885	1.589692	0.342217	9123.791016
790.777784	1.544678	0.342217	10512.456055
790.778771	0.600333	0.342217	11104.985352
790.779822	0.095413	0.342217	11205.263672
790.780725	0.095354	0.342217	11291.368164
790.781587	0.095387	0.342217	11373.591797
790.782679	0.095526	0.342217	11477.906250
790.783652	0.095350	0.342217	11570.681641
790.784520	0.095354	0.342217	11653.449219
790.785600	0.095500	0.342217	11756.589844
790.786632	0.095343	0.342217	11854.983398
790.787524	0.095372	0.342217	11940.055664
790.788443	0.095398	0.342217	12027.726562
791.790206	1.316158	0.411572	564.631958
791.791086	1.804772	0.411572	2152.831055
791.792194	1.760387	0.411572	4103.339844
791.793231	1.700427	0.411572	5866.682617
791.794127	1.650154	0.411572	7345.220703
791.795079	1.600089	0.411572	8868.505859
791.796146	1.545535	0.411572	10517.591797
791.797090	0.649805	0.411572	11131.007812
791.797948	0.096533	0.411572	11213.833008
791.799002	0.095511	0.411572	11314.501953
791.799998	0.095306	0.411572	11409.426758
791.800879	0.095317	0.411572	11493.401367
791.801863	0.095350	0.411572	11587.226562
791.802904	0.095405	0.411572	11686.542969
791.803811	0.095358	0.411572	11773.032227
791.804669	0.095427	0.411572	11854.909180
791.805709	0.095413	0.411572	11954.138672
791.806714	0.095259	0.411572	12049.874023
792.850022	1.367900	0.330547	623.762573
792.850907	1.805197	0.330547	2221.361328
792.851905	1.765334	0.330547	3983.165039
792.852956	1.704243	0.330547	5774.324707
792.853854	1.653069	0.330547	7258.780273
792.854715	1.605048	0.330547	8640.726562
792.855817	1.551299	0.330547	10350.257812
792.856794	0.797212	0.330547	11129.133789
792.857650	0.098302	0.330547	11213.280273
792.858715	0.095544	0.330547	11315.035156
792.859763	0.095413	0.330547	11415.027344
792.860641	0.095314	0.330547	11498.712891
792.861553	0.095431	0.330547	11585.746094
792.862631	0.095420	0.330547	11688.608398
792.863574	0.095361	0.330547	11778.534180
792.864441	0.095328	0.330547	11861.183594
792.865479	0.095449	0.330547	11960.259766
792.866497	0.095354	0.330547	12057.330078
793.871096	1.308157	0.409639	549.425842
793.872138	1.802823	0.409639	2427.967773
793.873160	1.755861	0.409639	4222.457031
793.874055	1.704038	0.409639	5747.571289
793.875027	1.650205	0.409639	7351.570801
793.876093	1.593409	0.409639	9050.145508
793.877016	1.546307	0.409639	10477.386719
793.877888	0.788983	0.409639	11165.379883
793.878988	0.095940	0.409639	11270.914062
793.879973	0.095358	0.409639	11364.841797
793.880862	0.095343	0.409639	11449.601562
793.881838	0.095482	0.409639	11542.791992
793.882881	0.095310	0.409639	11642.200195
793.883794	0.095273	0.409639	11729.184570
793.884672	0.095420	0.409639	11812.962891
793.885755	0.095486	0.409639	11916.374023
793.886715	0.095347	0.409639	12007.907227
793.887580	0.095325	0.409639	12090.363281
794.928293	1.398182	0.324605	741.036682
794.929384	1.800985	0.324605	2705.911377
794.930278	1.753945	0.324605	4273.938477
794.931158	1.700753	0.324605	5770.601562
794.932245	1.642299	0.324605	7555.780273
794.933214	1.590930	0.324605	9097.391602
794.934101	1.546937	0.324605	10469.525391
794.935109	0.623079	0.324605	11097.588867
794.936173	0.095380	0.324605	11199.073242
794.937066	0.095339	0.324605	11284.210937
794.937968	0.095405	0.324605	11370.266602
794.939052	0.095358	0.324605	11473.634766
794.940005	0.095347	0.324605	11564.500000
794.940871	0.095383	0.324605	11647.101562
794.941914	0.095548	0.324605	11746.757812
794.942929	0.095369	0.324605	11843.556641
794.943821	0.095369	0.324605	11928.625000
794.944747	0.095479	0.324605	12017.038086
795.952233	1.409418	0.385199	738.534912
795.953194	1.804783	0.385199	2472.931152
795.954054	1.763844	0.385199	3989.836914
795.955097	1.703745	0.385199	5766.843262
795.956133	1.646701	0.385199	7472.825195
795.957011	1.598969	0.385199	8876.719727
795.957948	1.551504	0.385199	10330.478516
795.959014	0.668694	0.385199	11043.306641
795.959956	0.095900	0.385199	11133.644531
795.960825	0.095365	0.385199	11216.516602
795.961850	0.095603	0.385199	11314.509766
795.962862	0.095369	0.385199	11411.022461
795.963759	0.095453	0.385199	11496.643555
795.964691	0.095504	0.385199	11585.653320
795.965737	0.095541	0.385199	11685.588867
795.966684	0.095350	0.385199	11775.885742
795.967544	0.095336	0.385199	11857.874023
795.968599	0.095585	0.385199	11958.715820
797.006070	1.372877	0.341274	657.608154
797.006952	1.805273	0.341274	2249.859375
797.007822	1.769872	0.341274	3789.647949
797.008879	1.709041	0.341274	5596.103516
797.009832	1.655658	0.341274	7173.945312
797.010714	1.608417	0.341274	8592.568359
797.011654	1.560450	0.341274	10059.391602
797.012720	0.936182	0.341274	11057.361328
797.013618	0.101411	0.341274	11148.428711
797.014478	0.095365	0.341274	11230.442383
797.015542	0.095515	0.341274	11332.070312
797.016479	0.095332	0.341274	11421.396484
797.017353	0.095361	0.341274	11504.742187
797.018274	0.095413	0.341274	11592.617187
797.019334	0.095358	0.341274	11693.696289
797.020212	0.095332	0.341274	11777.397461
797.021068	0.095347	0.341274	11859.014648
797.022079	0.095347	0.341274	11955.410156
798.033350	1.328507	0.381215	575.243530
798.034217	1.803468	0.381215	2138.850098
798.035307	1.761530	0.381215	4058.917480
798.036283	1.705510	0.381215	5723.495605
798.037150	1.656482	0.381215	7159.665527
798.038209	1.600155	0.381215	8854.229492
798.039250	1.547791	0.381215	10465.479492
798.040140	0.790946	0.381215	11169.421875
798.041057	0.098657	0.381215	11259.890625
798.042127	0.095424	0.381215	11361.994141
798.043070	0.095336	0.381215	11451.895508
798.043929	0.095387	0.381215	11533.833008
798.044977	0.095442	0.381215	11633.856445
798.045996	0.095453	0.381215	11731.123047
798.046874	0.095358	0.381215	11814.846680
798.047821	0.095504	0.381215	11905.289062
798.048873	0.095460	0.381215	12005.712891
798.049804	0.095332	0.381215	12094.466797
799.084751	1.348345	0.351623	687.655762
799.085800	1.802871	0.351623	2578.867676
799.086680	1.758878	0.351623	4126.680664
799.087552	1.708030	0.351623	5616.082520
799.088586	1.650007	0.351623	7322.190430
799.089560	1.598511	0.351623	8879.139648
799.090442	1.553807	0.351623	10249.597656
799.091355	0.933208	0.351623	11101.616211
799.092431	0.097291	0.351623	11206.301758
799.093322	0.095295	0.351623	11291.209961
799.094186	0.095391	0.351623	11373.627930
799.095237	0.095387	0.351623	11473.879883
799.096210	0.095273	0.351623	11566.581055
799.097088	0.095299	0.351623	11650.253906
799.097968	0.095391	0.351623	11734.197266
799.099068	0.095299	0.351623	11839.026367
799.099954	0.095284	0.351623	11923.448242
799.100812	0.095420	0.351623	12005.318359
800.112078	1.388643	0.383269	702.653137
800.112996	1.805574	0.383269	2360.169678
800.113866	1.765646	0.383269	3896.281494
800.114949	1.704533	0.383269	5742.290039
800.115937	1.649070	0.383269	7371.571289
800.116831	1.601609	0.383269	8803.410156
800.117828	1.551449	0.383269	10350.205078
800.118868	0.691648	0.383269	11069.518555
800.119765	0.096350	0.383269	11155.944336
800.120621	0.095453	0.383269	11237.652344
800.121728	0.095402	0.383269	11343.261719
800.122676	0.095394	0.383269	11433.695312
800.123546	0.095226	0.383269	11516.541992
800.124532	0.095427	0.383269	11610.632812
800.125589	0.095449	0.383269	11711.522461
800.126468	0.095380	0.383269	11795.361328
800.127334	0.095391	0.383269	11877.969727
800.128429	0.095482	0.383269	11982.522461
801.164714	1.375137	0.345685	737.073303
801.165746	1.802801	0.345685	2597.564453
801.166640	1.757725	0.345685	4168.970215
801.167501	1.706455	0.345685	5638.228027
801.168569	1.648206	0.345685	7398.511719
801.169492	1.598437	0.345685	8873.869141
801.170371	1.554012	0.345685	10239.845703
801.171340	0.886959	0.345685	11099.309570
801.172350	0.097284	0.345685	11197.566406
801.173246	0.095332	0.345685	11282.984375
801.174110	0.095464	0.345685	11365.464844
801.175165	0.095471	0.345685	11466.186523
801.176110	0.095336	0.345685	11556.278320
801.176991	0.095354	0.345685	11640.285156
801.177933	0.095475	0.345685	11730.222656
801.178962	0.095343	0.345685	11828.331055
801.179841	0.095361	0.345685	11912.153320
801.180704	0.095380	0.345685	11994.465820
802.188627	1.388331	0.390391	696.942322
802.189538	1.805098	0.390391	2341.386230
802.190402	1.765580	0.390391	3866.847168
802.191502	1.703965	0.390391	5741.208496
802.192503	1.647803	0.390391	7390.659180
802.193391	1.600704	0.390391	8812.084961
802.194410	1.550094	0.390391	10391.630859
802.195453	0.648127	0.390391	11067.627930
802.196331	0.096123	0.390391	11152.024414
802.197214	0.095409	0.390391	11236.270508
802.198307	0.095475	0.390391	11340.625000
802.199265	0.095343	0.390391	11431.963867
802.200133	0.095398	0.390391	11514.769531
802.201145	0.095530	0.390391	11611.445312
802.202180	0.095339	0.390391	11710.121094
802.203074	0.095383	0.390391	11795.393555
802.204003	0.095471	0.390391	11884.085937
802.205071	0.095508	0.390391	11986.087891
803.245607	1.363718	0.339739	621.855530
803.246489	1.805112	0.339739	2213.964600
803.247351	1.770385	0.339739	3740.036133
803.248452	1.709059	0.339739	5621.709961
803.249374	1.656724	0.339739	7149.208984
803.250248	1.609698	0.339739	8556.085937
803.251219	1.559982	0.339739	10070.828125
803.252238	0.983873	0.339739	11073.394531
803.253127	0.104454	0.339739	11166.254883
803.253991	0.095328	0.339739	11248.618164
803.255070	0.095402	0.339739	11351.556641
803.256003	0.095361	0.339739	11440.528320
803.256887	0.095365	0.339739	11524.831055
803.257846	0.095446	0.339739	11616.363281
803.258869	0.095413	0.339739	11713.970703
803.259757	0.095424	0.339739	11798.707031
803.260619	0.095420	0.339739	11880.958984
803.261701	0.095460	0.339739	11984.247070
804.267150	1.347711	0.386991	685.984985
804.268202	1.801571	0.386991	2581.237793
804.269149	1.755113	0.386991	4243.330078
804.270011	1.704005	0.386991	5712.182617
804.271065	1.645785	0.386991	7446.839844
804.272085	1.592267	0.386991	9070.952148
804.272966	1.547307	0.386991	10434.129883
804.273939	0.716129	0.386991	11130.923828
804.274988	0.095643	0.386991	11231.253906
804.275903	0.095281	0.386991	11318.435547
804.276764	0.095347	0.386991	11400.529297
804.277843	0.095471	0.386991	11503.542969
804.278834	0.095350	0.386991	11598.035156
804.279730	0.095354	0.386991	11683.472656
804.280711	0.095431	0.386991	11777.090820
804.281763	0.095438	0.386991	11877.492187
804.282677	0.095424	0.386991	11964.708984
804.283538	0.095427	0.386991	12046.872070
805.327033	1.311229	0.326893	554.649963
805.328078	1.803127	0.326893	2438.918213
805.329031	1.759559	0.326893	4115.778320
805.329917	1.708272	0.326893	5629.306641
805.330865	1.655310	0.326893	7198.540527
805.331910	1.599529	0.326893	8870.047852
805.332812	1.553412	0.326893	10271.225586
805.333692	1.008820	0.326893	11158.986328
805.334753	0.099104	0.326893	11264.135742
805.335703	0.095372	0.326893	11354.739258
805.336583	0.095369	0.326893	11438.664062
805.337516	0.095471	0.326893	11527.738281
805.338544	0.095372	0.326893	11625.781250
805.339419	0.095369	0.326893	11709.228516
805.340281	0.095402	0.326893	11791.464844
805.341338	0.095471	0.326893	11892.377930
805.342289	0.095372	0.326893	11983.077148
805.343157	0.095391	0.326893	12065.875977
806.345199	1.372240	0.397779	647.697327
806.346083	1.805233	0.397779	2243.523437
806.347063	1.765690	0.397779	3973.899414
806.348100	1.704437	0.397779	5741.400879
806.349030	1.652648	0.397779	7278.363281
806.349890	1.605106	0.397779	8658.754883
806.350977	1.551566	0.397779	10345.307617
806.351993	0.732843	0.397779	11089.875977
806.352868	0.097079	0.397779	11174.820312
806.353845	0.095574	0.397779	11268.196289
806.354904	0.095435	0.397779	11369.261719
806.355805	0.095281	0.397779	11455.109375
806.356664	0.095295	0.397779	11536.967773
806.357752	0.095522	0.397779	11640.896484
806.358741	0.095314	0.397779	11735.162109
806.359638	0.095416	0.397779	11820.750977
806.360622	0.095522	0.397779	11914.745117
806.361672	0.095431	0.397779	12014.947266
807.406335	1.309482	0.333644	556.530029
807.407387	1.802878	0.333644	2453.158203
807.408412	1.755425	0.333644	4252.468750
807.409304	1.703650	0.333644	5772.124512
807.410281	1.649894	0.333644	7384.070801
807.411341	1.593230	0.333644	9072.894531
807.412265	1.545908	0.333644	10501.313477
807.413132	0.782520	0.333644	11179.757812
807.414216	0.096196	0.333644	11284.034180
807.415210	0.095380	0.333644	11378.841797
807.416086	0.095391	0.333644	11462.404297
807.417066	0.095548	0.333644	11556.041016
807.418120	0.095343	0.333644	11656.532227
807.419012	0.095372	0.333644	11741.604492
807.419884	0.095387	0.333644	11824.782227
807.420973	0.095486	0.333644	11928.766602
807.421960	0.095383	0.333644	12022.910156
807.422848	0.095354	0.333644	12107.584961
808.424792	1.386555	0.393034	707.143127
808.425665	1.805358	0.393034	2283.220215
808.426549	1.765851	0.393034	3844.232422
808.427654	1.703470	0.393034	5726.567383
808.428630	1.650040	0.393034	7337.006836
808.429499	1.603063	0.393034	8730.068359
808.430529	1.550687	0.393034	10327.276367
808.431572	0.679680	0.393034	11036.182617
808.432460	0.096394	0.393034	11121.780273
808.433398	0.095409	0.393034	11211.273437
808.434459	0.095457	0.393034	11312.552734
808.435407	0.095354	0.393034	11402.948242
808.436271	0.095413	0.393034	11485.384766
808.437342	0.095563	0.393034	11587.732422
808.438349	0.095453	0.393034	11683.853516
808.439237	0.095361	0.393034	11768.534180
808.440200	0.095500	0.393034	11860.500977
808.441240	0.095526	0.393034	11959.847656
809.484968	1.368622	0.315912	633.671875
809.485855	1.805314	0.315912	2234.985107
809.486853	1.764679	0.315912	3996.134766
809.487897	1.703837	0.315912	5774.940430
809.488810	1.652300	0.315912	7283.490234
809.489671	1.603989	0.315912	8664.525391
809.490773	1.550552	0.315912	10373.233398
809.491777	0.716700	0.315912	11092.800781
809.492650	0.096859	0.315912	11177.358398
809.493644	0.095420	0.315912	11272.206055
809.494700	0.095398	0.315912	11372.946289
809.495585	0.095391	0.315912	11457.367187
809.496463	0.095380	0.315912	11541.110352
809.497576	0.095449	0.315912	11647.345703
809.498539	0.095391	0.315912	11739.207031
809.499404	0.095424	0.315912	11821.748047
809.500442	0.095552	0.315912	11920.930664
809.501479	0.095372	0.315912	12019.832031
810.504331	1.385522	0.397566	696.917786
810.505255	1.805156	0.397566	2364.882080
810.506127	1.765239	0.397566	3904.170654
810.507201	1.704357	0.397566	5734.649414
810.508208	1.647689	0.397566	7393.872559
810.509113	1.600499	0.397566	8842.324219
810.510097	1.550266	0.397566	10367.786133
810.511161	0.644725	0.397566	11053.773437
810.512069	0.095742	0.397566	11140.707031
810.512931	0.095442	0.397566	11222.977539
810.514040	0.095464	0.397566	11328.846680
810.515019	0.095358	0.397566	11422.202148
810.515886	0.095402	0.397566	11504.915039
810.516982	0.095464	0.397566	11609.542969
810.518010	0.095420	0.397566	11707.634766
810.518898	0.095332	0.397566	11792.290039
810.519822	0.095405	0.397566	11880.444336
810.520874	0.095479	0.397566	11980.887695
811.564064	1.400167	0.318002	722.486267
811.565012	1.804929	0.318002	2433.559082
811.565875	1.764727	0.318002	3956.518066
811.566930	1.703668	0.318002	5753.888184
811.567959	1.646506	0.318002	7448.143066
811.568842	1.599437	0.318002	8860.446289
811.569790	1.551724	0.318002	10331.480469
811.570853	0.676762	0.318002	11050.877930
811.571787	0.095973	0.318002	11140.516602
811.572643	0.095054	0.318002	11221.882812
811.573714	0.093948	0.318002	11322.500977
811.574723	0.095350	0.318002	11418.708984
811.575598	0.095266	0.318002	11502.066406
811.576564	0.095446	0.318002	11594.266602
811.577611	0.095365	0.318002	11694.113281
811.578526	0.095424	0.318002	11781.425781
811.579391	0.095519	0.318002	11864.049805
811.580474	0.095372	0.318002	11967.337891
812.584622	1.366761	0.381916	634.177307
812.585507	1.805116	0.381916	2231.704834
812.586506	1.764836	0.381916	3994.776367
812.587560	1.703324	0.381916	5790.080078
812.588470	1.651670	0.381916	7293.099609
812.589333	1.604216	0.381916	8677.538086
812.590422	1.550819	0.381916	10366.379883
812.591415	0.739380	0.381916	11100.583984
812.592288	0.097163	0.381916	11185.407227
812.593280	0.095479	0.381916	11280.122070
812.594327	0.095413	0.381916	11380.019531
812.595228	0.095380	0.381916	11465.957031
812.596088	0.095376	0.381916	11547.980469
812.597188	0.095438	0.381916	11652.962891
812.598156	0.095317	0.381916	11745.230469
812.599023	0.095416	0.381916	11827.956055
812.600076	0.095504	0.381916	11928.521484
812.601114	0.095310	0.381916	12027.453125
813.642052	1.315280	0.324198	566.885498
813.642917	1.803387	0.324198	2126.815430
813.644007	1.761918	0.324198	4047.305664
813.644945	1.707037	0.324198	5648.506836
813.645830	1.657701	0.324198	7115.572266
813.646817	1.605839	0.324198	8700.535156
813.647843	1.553002	0.324198	10293.915039
813.648747	0.946542	0.324198	11149.588867
813.649607	0.103641	0.324198	11238.720703
813.650697	0.095321	0.324198	11342.621094
813.651612	0.095299	0.324198	11429.819336
813.652484	0.095237	0.324198	11512.866211
813.653453	0.095336	0.324198	11605.246094
813.654475	0.095350	0.324198	11702.694336
813.655354	0.095303	0.324198	11786.465820
813.656217	0.095325	0.324198	11868.731445
813.657248	0.095350	0.324198	11967.038086
813.658185	0.095369	0.324198	12056.398437
814.664433	1.377169	0.373895	647.269531
814.665314	1.805127	0.373895	2237.586426
814.666311	1.764829	0.373895	3997.121094
814.667360	1.703595	0.373895	5784.192383
814.668273	1.651948	0.373895	7292.420898
814.669138	1.603997	0.373895	8679.877930
814.670246	1.549559	0.373895	10396.789062
814.671237	0.706022	0.373895	11096.457031
814.672111	0.096859	0.373895	11181.112305
814.673111	0.095559	0.373895	11276.671875
814.674165	0.095365	0.373895	11377.186523
814.675034	0.095314	0.373895	11460.013672
814.675908	0.095453	0.373895	11543.439453
814.677008	0.095446	0.373895	11648.429687
814.677977	0.095376	0.373895	11740.848633
814.678846	0.095372	0.373895	11823.727539
814.679866	0.095526	0.373895	11921.164062
814.680903	0.095442	0.373895	12020.137695
815.721055	1.361642	0.317132	612.738831
815.721943	1.804958	0.317132	2215.541992
815.722827	1.771007	0.317132	3781.112305
815.723821	1.713918	0.317132	5484.747070
815.724774	1.659133	0.317132	7065.901367
815.725702	1.610017	0.317132	8559.997070
815.726574	1.563677	0.317132	9923.523437
815.727635	1.086207	0.317132	11075.989258
815.728524	0.112317	0.317132	11175.838867
815.729399	0.095277	0.317132	11259.206055
815.730406	0.095376	0.317132	11355.250000
815.731350	0.095270	0.317132	11445.184570
815.732273	0.095336	0.317132	11533.179687
815.733133	0.095306	0.317132	11615.143555
815.734151	0.095277	0.317132	11712.135742
815.735051	0.095299	0.317132	11797.905273
815.735925	0.095240	0.317132	11881.145508
815.736855	0.095387	0.317132	11969.855469
816.744388	1.320099	0.373771	568.962646
816.745269	1.804698	0.373771	2158.901855
816.746303	1.764170	0.373771	3983.053711
816.747360	1.703412	0.373771	5783.560059
816.748258	1.652256	0.373771	7267.285645
816.749189	1.602876	0.373771	8759.563477
816.750245	1.549391	0.373771	10395.720703
816.751202	0.758024	0.373771	11121.149414
816.752062	0.098016	0.373771	11205.443359
816.753119	0.095522	0.373771	11306.410156
816.754138	0.095317	0.373771	11403.539062
816.755021	0.095380	0.373771	11487.759766
816.755983	0.095376	0.373771	11579.511719
816.757044	0.095402	0.373771	11680.732422
816.757965	0.095350	0.373771	11768.549805
816.758824	0.095409	0.373771	11850.505859
816.759874	0.095420	0.373771	11950.697266
816.760888	0.095343	0.373771	12047.375000
817.799549	1.306077	0.320206	552.470398
817.800499	1.802259	0.320206	2264.616943
817.801431	1.766569	0.320206	3911.059082
817.802335	1.713307	0.320206	5459.888672
817.803237	1.663033	0.320206	6959.944824
817.804202	1.611288	0.320206	8514.837891
817.805151	1.562157	0.320206	9997.325195
817.806047	1.240576	0.320206	11108.881836
817.807029	0.137981	0.320206	11244.378906
817.807949	0.095299	0.320206	11332.053711
817.808849	0.095343	0.320206	11417.862305
817.809733	0.095332	0.320206	11502.135742
817.810676	0.095409	0.320206	11592.106445
817.811614	0.095383	0.320206	11681.576172
817.812506	0.095471	0.320206	11766.736328
817.813444	0.095380	0.320206	11856.202148
817.814423	0.095354	0.320206	11949.553711
817.815338	0.095350	0.320206	12036.798828
818.824134	1.325896	0.371789	574.112976
818.825011	1.804772	0.371789	2156.897949
818.826035	1.765514	0.371789	3964.784180
818.827083	1.705078	0.371789	5751.706055
818.827976	1.653794	0.371789	7228.543945
818.828866	1.604905	0.371789	8656.909180
818.829960	1.550658	0.371789	10353.329102
818.830927	0.797076	0.371789	11124.101562
818.831787	0.098577	0.371789	11208.877930
818.832816	0.095533	0.371789	11307.181641
818.833842	0.095449	0.371789	11405.112305
818.834725	0.095372	0.371789	11489.326172
818.835646	0.095391	0.371789	11577.180664
818.836721	0.095490	0.371789	11679.832031
818.837655	0.095350	0.371789	11768.889648
818.838524	0.095380	0.371789	11851.774414
818.839544	0.095442	0.371789	11949.125000
818.840575	0.095446	0.371789	12047.529297
819.879039	1.310515	0.316387	560.900452
819.879901	1.803014	0.316387	2115.098389
819.880913	1.766693	0.316387	3902.991699
819.881837	1.713102	0.316387	5485.897461
819.882723	1.662795	0.316387	6959.134277
819.883669	1.613090	0.316387	8485.117187
819.884606	1.563391	0.316387	9950.014648
819.885514	1.255016	0.316387	11089.569336
819.886392	0.144507	0.316387	11216.446289
819.887417	0.095372	0.316387	11314.203125
819.888324	0.095372	0.316387	11400.706055
819.889215	0.095339	0.316387	11485.653320
819.890202	0.095490	0.316387	11579.901367
819.891114	0.095424	0.316387	11666.927734
819.892037	0.095372	0.316387	11754.956055
819.892901	0.095431	0.316387	11837.408203
819.893943	0.095420	0.316387	11936.835937
819.894827	0.095383	0.316387	12021.154297
820.903194	1.404705	0.360485	723.422852
820.904130	1.805002	0.360485	2412.905273
820.904999	1.764690	0.360485	3946.420898
820.906041	1.704646	0.360485	5722.662109
820.907069	1.647334	0.360485	7416.121582
820.907966	1.599825	0.360485	8851.165039
820.908926	1.551716	0.360485	10340.812500
820.909983	0.678651	0.360485	11058.146484
820.910910	0.095867	0.360485	11147.014648
820.911774	0.095321	0.360485	11229.372070
820.912860	0.095497	0.360485	11333.082031
820.913850	0.095365	0.360485	11427.493164
820.914743	0.095387	0.360485	11512.673828
820.915739	0.095515	0.360485	11607.806641
820.916767	0.095438	0.360485	11705.916992
820.917674	0.095365	0.360485	11792.413086
820.918532	0.095526	0.360485	11874.374023
820.919631	0.095662	0.360485	11979.505859
821.958599	1.325240	0.326257	571.178650
821.959502	1.802508	0.326257	2198.843750
821.960527	1.763134	0.326257	4006.055664
821.961423	1.711117	0.326257	5539.216309
821.962296	1.661873	0.326257	6990.031250
821.963320	1.608523	0.326257	8637.158203
821.964217	1.560117	0.326257	10036.583008
821.965137	1.159124	0.326257	11102.976562
821.966021	0.122344	0.326257	11211.128906
821.967049	0.095383	0.326257	11309.182617
821.967942	0.095405	0.326257	11394.379883
821.968821	0.095402	0.326257	11478.238281
821.969798	0.095475	0.326257	11571.517578
821.970757	0.095343	0.326257	11662.951172
821.971682	0.095402	0.326257	11751.197266
821.972544	0.095449	0.326257	11833.474609
821.973590	0.095361	0.326257	11933.222656
821.974469	0.095449	0.326257	12017.122070
822.981869	1.332458	0.360529	634.250244
822.982939	1.801403	0.360529	2561.750977
822.983906	1.754169	0.360529	4258.032227
822.984776	1.703196	0.360529	5739.812500
822.985811	1.645920	0.360529	7443.339844
822.986836	1.592032	0.360529	9075.172852
822.987729	1.546575	0.360529	10456.263672
822.988691	0.723384	0.360529	11152.159180
822.989741	0.095640	0.360529	11252.581055
822.990670	0.095380	0.360529	11341.188477
822.991527	0.095306	0.360529	11422.866211
822.992586	0.095486	0.360529	11523.985352
822.993577	0.095402	0.360529	11618.528320
822.994472	0.095413	0.360529	11703.922852
822.995454	0.095446	0.360529	11797.650391
822.996499	0.095336	0.360529	11897.276367
822.997410	0.095416	0.360529	11984.200195
822.998267	0.095530	0.360529	12066.069336
824.038686	1.379290	0.307013	724.127014
824.039752	1.801366	0.307013	2644.383057
824.040666	1.754861	0.307013	4248.326172
824.041530	1.703020	0.307013	5719.735352
824.042630	1.643269	0.307013	7527.331055
824.043625	1.590476	0.307013	9109.854492
824.044522	1.545406	0.307013	10496.083984
824.045523	0.617758	0.307013	11114.458984
824.046561	0.095475	0.307013	11213.561523
824.047442	0.095405	0.307013	11297.613281
824.048315	0.095424	0.307013	11380.917969
824.049405	0.095490	0.307013	11485.001953
824.050364	0.095306	0.307013	11576.400391
824.051226	0.095343	0.307013	11658.585937
824.052279	0.095431	0.307013	11759.074219
824.053308	0.095372	0.307013	11857.211914
824.054185	0.095361	0.307013	11940.843750
824.055100	0.095288	0.307013	12028.032227
825.060550	1.328086	0.368409	581.701599
825.061415	1.802992	0.368409	2141.289551
825.062509	1.760892	0.368409	4067.705566
825.063504	1.702936	0.368409	5762.126953
825.064406	1.652684	0.368409	7252.848145
825.065409	1.600268	0.368409	8857.917969
825.066459	1.547611	0.368409	10482.910156
825.067358	0.752106	0.368409	11159.052734
825.068227	0.098031	0.368409	11244.241211
825.069327	0.095435	0.368409	11349.218750
825.070278	0.095420	0.368409	11439.962891
825.071137	0.095438	0.368409	11521.944336
825.072178	0.095490	0.368409	11621.348633
825.073210	0.095438	0.368409	11719.840820
825.074092	0.095449	0.368409	11804.027344
825.075007	0.095490	0.368409	11891.400391
825.076087	0.095555	0.368409	11994.600586
825.077028	0.095383	0.368409	12084.356445
826.119143	1.407858	0.302223	727.862427
826.120113	1.804175	0.302223	2477.912109
826.120993	1.762288	0.302223	4028.725098
826.122026	1.703606	0.302223	5788.549805
826.123077	1.645140	0.302223	7517.592285
826.123962	1.596965	0.302223	8930.906250
826.124876	1.549882	0.302223	10347.498047
826.125970	0.610188	0.302223	11015.043945
826.126919	0.095446	0.302223	11105.622070
826.127788	0.095317	0.302223	11188.453125
826.128828	0.095398	0.302223	11287.666992
826.129848	0.095361	0.302223	11384.935547
826.130735	0.095409	0.302223	11469.563477
826.131686	0.095493	0.302223	11560.377930
826.132745	0.095526	0.302223	11661.540039
826.133685	0.095354	0.302223	11751.172852
826.134543	0.095321	0.302223	11832.958008
826.135605	0.095530	0.302223	11934.410156
827.138622	1.444142	0.360715	789.945618
827.139684	1.801040	0.360715	2702.650146
827.140558	1.755469	0.360715	4236.929687
827.141500	1.701482	0.360715	5839.725586
827.142557	1.641881	0.360715	7575.193848
827.143511	1.592084	0.360715	9094.041992
827.144382	1.547791	0.360715	10442.167969
827.145422	0.614842	0.360715	11081.604492
827.146444	0.095420	0.360715	11179.124023
827.147339	0.095273	0.360715	11264.393555
827.148289	0.095405	0.360715	11355.028320
827.149348	0.095413	0.360715	11456.070312
827.150278	0.095259	0.360715	11544.661133
827.151135	0.095299	0.360715	11626.332031
827.152211	0.095391	0.360715	11728.972656
827.153190	0.095321	0.360715	11822.291992
827.154080	0.095343	0.360715	11907.147461
827.155059	0.095435	0.360715	12000.578125
828.199070	1.402383	0.302876	713.812866
828.200019	1.805021	0.302876	2426.777588
828.200887	1.764342	0.302876	3958.226562
828.201950	1.703405	0.302876	5768.945312
828.202980	1.645844	0.302876	7464.164062
828.203866	1.598928	0.302876	8880.814453
828.204835	1.550541	0.302876	10383.288086
828.205899	0.636727	0.302876	11060.765625
828.206821	0.095801	0.302876	11149.093750
828.207676	0.095369	0.302876	11230.633789
828.208752	0.095519	0.302876	11333.412109
828.209754	0.095295	0.302876	11428.898437
828.210623	0.095376	0.302876	11511.780273
828.211592	0.095508	0.302876	11604.327148
828.212644	0.095416	0.302876	11704.705078
828.213562	0.095369	0.302876	11792.253906
828.214429	0.095435	0.302876	11874.996094
828.215513	0.095380	0.302876	11978.387695
829.217211	1.303748	0.368924	547.573975
829.218199	1.801121	0.368924	2327.081055
829.219253	1.757443	0.368924	4179.425781
829.220167	1.704056	0.368924	5736.933594
829.221032	1.653659	0.368924	7167.348145
829.222139	1.596573	0.368924	8934.754883
829.223115	1.546996	0.368924	10444.623047
829.224006	0.805400	0.368924	11162.234375
829.225023	0.097969	0.368924	11261.868164
829.226067	0.095438	0.368924	11361.505859
829.226961	0.095354	0.368924	11446.751953
829.227851	0.095471	0.368924	11531.721680
829.228947	0.095490	0.368924	11636.377930
829.229893	0.095350	0.368924	11726.579102
829.230752	0.095424	0.368924	11808.547852
829.231786	0.095603	0.368924	11907.401367
829.232815	0.095416	0.368924	12005.584961
829.233698	0.095446	0.368924	12089.863281
830.278965	1.401694	0.297780	769.530212
830.279916	1.803944	0.297780	2485.081055
830.280844	1.759948	0.297780	4118.312500
830.281710	1.708187	0.297780	5597.602539
830.282747	1.651648	0.297780	7310.361328
830.283630	1.604323	0.297780	8726.978516
830.284498	1.559029	0.297780	10080.215820
830.285450	1.029825	0.297780	11060.609375
830.286426	0.102510	0.297780	11160.659180
830.287341	0.095222	0.297780	11247.787109
830.288218	0.095237	0.297780	11331.309570
830.289238	0.095409	0.297780	11428.626953
830.290139	0.095328	0.297780	11514.517578
830.291016	0.095325	0.297780	11598.117187
830.291876	0.095358	0.297780	11680.125000
830.292937	0.095383	0.297780	11781.327148
830.293813	0.095376	0.297780	11864.876953
830.294682	0.095339	0.297780	11947.726562
831.297148	1.303506	0.373513	548.776001
831.298157	1.801974	0.373513	2366.967773
831.299226	1.756223	0.373513	4244.370117
831.300111	1.703903	0.373513	5752.324219
831.301028	1.651765	0.373513	7266.992676
831.302111	1.594874	0.373513	8994.241211
831.303054	1.547585	0.373513	10453.614258
831.303931	0.819456	0.373513	11172.276367
831.304960	0.096757	0.373513	11271.838867
831.305987	0.095383	0.373513	11369.797852
831.306877	0.095354	0.373513	11454.663086
831.307798	0.095493	0.373513	11542.612305
831.308868	0.095464	0.373513	11644.758789
831.309805	0.095427	0.373513	11734.173828
831.310666	0.095413	0.373513	11816.324219
831.311727	0.095482	0.373513	11917.630859
831.312724	0.095347	0.373513	12012.691406
831.313613	0.095402	0.373513	12097.503906
832.356714	1.325845	0.311372	617.843689
832.357607	1.805295	0.311372	2229.972412
832.358471	1.768290	0.311372	3757.774902
832.359526	1.710363	0.311372	5562.207520
832.360456	1.658090	0.311372	7104.230957
832.361323	1.611075	0.311372	8501.033203
832.362410	1.556821	0.311372	10193.297852
832.363302	1.059463	0.311372	11138.338867
832.364164	0.110823	0.311372	11233.868164
832.365044	0.095424	0.311372	11317.840820
832.366087	0.095416	0.311372	11417.360352
832.366983	0.095383	0.311372	11502.824219
832.367860	0.095354	0.311372	11586.449219
832.368844	0.095475	0.311372	11680.396484
832.369781	0.095343	0.311372	11769.732422
832.370711	0.095306	0.311372	11858.367187
832.371576	0.095383	0.311372	11940.874023
832.372606	0.095336	0.311372	12039.069336
833.376759	1.301437	0.371897	545.302002
833.377736	1.800949	0.371897	2304.828613
833.378802	1.757076	0.371897	4177.872070
833.379725	1.703350	0.371897	5750.063477
833.380594	1.652834	0.371897	7186.376465
833.381682	1.596475	0.371897	8923.340820
833.382680	1.545897	0.371897	10466.146484
833.383577	0.767432	0.371897	11154.532227
833.384559	0.097742	0.371897	11250.514648
833.385621	0.095409	0.371897	11351.838867
833.386510	0.095336	0.371897	11436.592773
833.387380	0.095394	0.371897	11519.585937
833.388488	0.095508	0.371897	11625.408203
833.389457	0.095350	0.371897	11717.802734
833.390316	0.095325	0.371897	11799.686523
833.391339	0.095588	0.371897	11897.473633
833.392376	0.095427	0.371897	11996.431641
833.393258	0.095347	0.371897	12080.527344
834.435995	1.331953	0.295601	591.387207
834.436868	1.804446	0.295601	2166.668457
834.437735	1.772900	0.295601	3703.772949
834.438786	1.712256	0.295601	5503.354004
834.439704	1.659001	0.295601	7026.317383
834.440635	1.610420	0.295601	8525.618164
834.441503	1.563087	0.295601	9882.377930
834.442569	1.097900	0.295601	11052.740234
834.443464	0.110859	0.295601	11151.958984
834.444339	0.095255	0.295601	11235.307617
834.445353	0.095332	0.295601	11331.974609
834.446263	0.095350	0.295601	11418.743164
834.447186	0.095288	0.295601	11506.694336
834.448044	0.095405	0.295601	11588.551758
834.449078	0.095343	0.295601	11687.136719
834.449953	0.095310	0.295601	11770.533203
834.450830	0.095347	0.295601	11854.152344
834.451790	0.095394	0.295601	11945.730469
835.457671	1.435858	0.367942	812.695679
835.458753	1.799978	0.367942	2760.271973
835.459638	1.752847	0.367942	4311.541016
835.460505	1.699735	0.367942	5785.211426
835.461622	1.639933	0.367942	7617.016602
835.462600	1.589150	0.367942	9171.206055
835.463470	1.544912	0.367942	10515.279297
835.464515	0.541080	0.367942	11080.708008
835.465546	0.095369	0.367942	11179.033203
835.466436	0.095442	0.367942	11263.976562
835.467376	0.095515	0.367942	11353.760742
835.468429	0.095544	0.367942	11454.369141
835.469375	0.095328	0.367942	11544.549805
835.470239	0.095365	0.367942	11626.945312
835.471299	0.095424	0.367942	11728.094727
835.472306	0.095277	0.367942	11824.039062
835.473204	0.095317	0.367942	11909.633789
835.474170	0.095416	0.367942	12001.805664
836.513668	1.325500	0.285836	572.616211
836.514535	1.802212	0.285836	2135.133789
836.515598	1.762606	0.285836	4008.784180
836.516498	1.710483	0.285836	5548.219238
836.517382	1.661078	0.285836	7016.612305
836.518361	1.608871	0.285836	8591.697266
836.519305	1.559945	0.285836	10064.285156
836.520229	1.143347	0.285836	11120.738281
836.521100	0.121641	0.285836	11226.687500
836.522147	0.095347	0.285836	11326.515625
836.523030	0.095387	0.285836	11410.742187
836.523902	0.095380	0.285836	11493.913086
836.524846	0.095457	0.285836	11584.024414
836.525809	0.095442	0.285836	11675.934570
836.526727	0.095416	0.285836	11763.526367
836.527604	0.095490	0.285836	11847.270508
836.528637	0.095490	0.285836	11945.911133
836.529535	0.095471	0.285836	12031.644531
837.537889	1.397556	0.353923	718.343872
837.538888	1.803600	0.353923	2520.140137
837.539783	1.760244	0.353923	4095.558594
837.540790	1.702683	0.353923	5810.160645
837.541829	1.644891	0.353923	7519.202637
837.542730	1.596119	0.353923	8957.306641
837.543590	1.550614	0.353923	10290.834961
837.544687	0.675981	0.353923	11032.386719
837.545652	0.095643	0.353923	11124.682617
837.546507	0.095226	0.353923	11206.100586
837.547586	0.095471	0.353923	11309.114258
837.548631	0.095295	0.353923	11408.698242
837.549504	0.095310	0.353923	11491.904297
837.550424	0.095383	0.353923	11579.657227
837.551487	0.095486	0.353923	11681.158203
837.552442	0.095354	0.353923	11772.221680
837.553309	0.095288	0.353923	11854.836914
837.554329	0.095460	0.353923	11952.206055
838.591521	1.394103	0.288467	710.992432
838.592431	1.804680	0.288467	2353.251465
838.593312	1.766111	0.288467	3909.195312
838.594297	1.709315	0.288467	5592.870605
838.595318	1.651454	0.288467	7279.004883
838.596218	1.603627	0.288467	8722.268555
838.597086	1.558304	0.288467	10074.876953
838.598167	0.879609	0.288467	11025.734375
838.599109	0.098210	0.288467	11118.249023
838.599983	0.095321	0.288467	11201.559570
838.600943	0.095424	0.288467	11293.166016
838.601953	0.095376	0.288467	11389.496094
838.602841	0.095339	0.288467	11474.157227
838.603701	0.095277	0.288467	11556.095703
838.604777	0.095420	0.288467	11658.767578
838.605705	0.095339	0.288467	11747.242187
838.606572	0.095292	0.288467	11829.860352
838.607493	0.095464	0.288467	11917.782227
839.618193	1.390192	0.334724	704.827148
839.619097	1.804860	0.334724	2336.420410
839.619968	1.765177	0.334724	3873.889648
839.621073	1.702855	0.334724	5755.544922
839.622067	1.647144	0.334724	7392.805664
839.622966	1.599873	0.334724	8831.091797
839.623959	1.549728	0.334724	10369.971680
839.625026	0.634427	0.334724	11046.906250
839.625913	0.095717	0.334724	11131.806641
839.626807	0.095299	0.334724	11217.003906
839.627895	0.095471	0.334724	11320.876953
839.628855	0.095328	0.334724	11412.392578
839.629719	0.095358	0.334724	11494.781250
839.630754	0.095394	0.334724	11593.514648
839.631782	0.095424	0.334724	11691.610352
839.632660	0.095358	0.334724	11775.333984
839.633587	0.095372	0.334724	11863.744141
839.634633	0.095479	0.334724	11963.614258
